6346
3561
4868
14352
0402
2915
3938
14728
18479
19255
3633
18763
4978
2143
6607
14208
6788
3215
5491
14347
19977
12981
9427
8111
2981
3426
5279
5517
14368
17645
7624
8391
13047
13241
1097
7266
11594
5299
9688
16593
3451
10896
0738
4197
17990
17342
14615
8023
14058
1670
11665
7272
10496
1168
9970
0306
15106
14232
18520
0604
13195
0760
14840
13231
5748
9034
13756
7896
17020
6469
17608
9179
14022
17300
0644
13528
19943
16693
1874
9188
10518
10235
9045
1310
18013
6359
4500
12760
12554
18262
18195
2204
8675
0187
13090
9082
1669
4453
7702
13856
12795
0157
5230
17254
10888
17580
14377
4341
5458
9208
14305
15476
3263
10311
10026
12982
4056
16250
14490
5917
10248
12063
3025
1205
16614
1981
8143
12092
11456
4972
11412
18860
12777
4384
3868
8416
3382
5406
18467
10362
17596
19628
16292
11276
9254
9443
14729
2135
14474
0369
11611
1238
10770
9500
14415
19383
0693
13759
17663
8057
15793
15313
14559
18716
4133
5594
2154
13331
8552
2986
6963
9255
17126
16526
15809
6928
12633
6552
16637
11879
10567
9910
5732
3303
0073
8988
2326
1494
16978
1018
0379
9007
1764
16673
18355
2758
6562
3435
7121
18363
16046
17819
18761
9610
4891
9958
17299
12315
7174
0990
12028
18348
18608
15754
17454
17172
18491
2431
17232
2092
10112
2436
14215
7040
8371
17402
5694
3226
15362
5415
0257
3502
15811
10608
5017
17882
19985
17017
17554
8903
19750
19398
14237
10667
14701
12785
7043
3175
10146
9455
14050
6650
2022
17384
4696
13433
6457
2362
8341
9049
16741
3855
8877
15281
10754
2651
8780
9463
18362
19669
19016
14300
8549
5301
10558
14723
14820
13931
2165
0428
0069
6914
17212
8668
5106
18753
8310
15861
15991
9658
3022
6686
1269
0770
8274
10602
11238
4766
18735
18667
3943
2002
7110
9193
16153
17581
12255
6590
7122
9107
17367
14682
9737
15139
15785
1527
7815
7329
17382
14604
6418
10452
9070
10842
15721
0141
9508
18997
12201
7138
10815
5609
12991
6975
1192
18025
14418
4397
12397
14566
4136
5668
3425
12606
16339
0472
14207
2323
15866
4220
10300
8527
3095
8045
7862
19686
8477
0754
12717
17435
17860
15160
4645
4361
10080
6883
17563
8324
5174
15399
10395
13094
13777
1245
8705
14114
11326
12601
1342
14387
8523
18432
0868
17280
2903
7905
3970
1435
7175
6171
0629
10116
5472
1988
4590
5303
18365
10585
16097
8781
7386
8492
13943
6334
17216
16717
6907
16459
7227
18776
9973
4189
17768
10011
15909
11914
18955
10481
6017
14594
3731
17989
6238
6540
14891
4858
15164
17098
17711
10812
4823
14633
7529
3013
18223
2549
19191
16535
7397
13518
10786
2290
13127
16098
0543
16818
13908
12474
5006
3653
5422
0445
6518
3602
3618
12475
5877
7849
9342
6212
2146
3108
6202
10194
12252
16136
16465
12882
2771
11060
1962
16787
11924
18563
3793
9031
0949
7890
17867
16188
4494
5330
16579
18861
5195
6582
10090
18031
8775
1933
5978
11632
17449
13423
9363
10930
5713
14802
1583
18263
13151
17319
13728
6513
10968
18816
3945
4294
12302
16983
15289
6561
3354
19148
6606
7282
10366
1021
12697
15350
0584
13071
19125
12159
0434
0427
11376
2158
1561
9005
8851
11634
14042
10058
6734
18322
9933
15651
10767
12728
5173
11582
3615
9152
1165
17761
12357
14036
19449
4756
11763
14166
1041
17263
7405
9969
18569
12970
5706
3861
18464
19641
2088
12557
10604
6355
4036
19679
9642
8731
3706
17916
9124
2111
7589
12649
16160
3650
1210
6601
16925
8611
1236
8651
1217
17673
5573
13036
1814
13816
0184
0407
4002
12650
9897
6300
6144
4141
1906
14902
8693
9652
0711
15850
14129
2317
1151
0479
13037
6947
4135
11662
13529
15953
19602
10653
0498
11635
12804
14592
12620
9989
3338
12664
8401
18043
14495
11294
2247
4714
18920
8056
16084
9747
3727
10871
15173
6016
14851
10101
12340
7367
7420
2442
1702
2958
0556
19858
3012
9205
3983
18200
16891
11927
11912
19080
1463
14405
17709
18339
12894
0335
11691
4392
13820
0652
10127
18609
15042
18899
8398
5940
16993
18062
19975
1950
2339
0275
7631
6665
0310
3666
9819
9397
6768
4250
7523
8992
5972
4059
9003
9078
15588
8209
18638
7505
5634
3744
14146
15609
19956
9419
1731
9536
17800
17441
1443
16994
11935
9741
8025
15589
4467
6431
16546
17599
10681
4917
11630
15996
17628
10193
5831
8190
1332
9879
4067
19886
11097
3829
16635
19288
3216
8953
16511
13688
14994
8269
7963
9770
14934
3237
6438
7053
11176
15835
9555
7127
7045
13075
7741
9440
14991
9196
4998
12235
13159
18055
15427
0512
11894
13085
4266
18481
16392
6900
3480
13795
7988
14571
9503
4423
1419
5101
0120
0147
2938
13871
8566
17413
2733
0502
2183
0148
4230
13384
19706
3109
11497
15760
19522
2277
15470
12217
7201
2798
17185
18643
8844
1235
16119
6965
16873
12675
8316
11898
19516
19394
17511
7744
6776
11530
15411
15259
10882
6480
10103
11807
13372
7486
4856
16761
10538
4271
17456
11348
11043
3086
15571
19656
10087
0508
17485
17955
14337
17508
7868
13677
5614
18927
17277
16294
11534
13249
9693
12003
15174
6537
3877
2858
3122
14026
4750
0916
9962
17692
3240
11090
11762
8183
19498
9165
18300
11750
1512
9451
11210
6695
13724
18343
0758
16898
0238
15322
7398
2001
9947
2760
11952
14005
8179
19996
2765
6531
19949
13538
5098
7823
0606
10298
3428
7864
5650
2128
9149
3199
1267
12307
10692
18247
10373
11227
9329
18192
9574
13582
18915
2497
2462
17560
10138
8011
15712
18036
9401
11628
15931
12585
10962
2186
19627
18130
8200
3080
4859
19286
2121
12653
14691
8995
17430
10291
7311
3264
4217
17914
2969
4155
13065
19127
2082
14812
14907
15481
18783
13899
12209
6694
4982
11667
5153
14362
5393
14163
2016
1240
17526
14535
14764
8878
18913
10546
3876
12975
17197
4743
11730
7873
7425
0051
3649
13455
9548
2501
14061
3656
12121
10828
9320
8721
14186
9199
17078
3521
10258
9023
1323
18315
14205
1037
16314
2893
1615
3271
4123
0014
16018
17678
10763
5585
15385
13700
17329
5361
16372
4227
3998
4225
0219
17094
0185
12398
15895
18337
19678
17494
12552
8769
10980
18856
3457
9603
3478
7072
0547
15077
4646
13486
15184
12318
19993
6507
19578
1991
3658
5565
7841
16680
19884
15252
14396
12124
14328
3545
8376
16662
2852
12602
9845
15197
14692
15054
16753
9746
13905
13424
0927
10143
3088
5814
19987
16336
1821
0576
18096
3176
1266
2104
4880
15834
12589
14841
8049
10570
5462
3129
1225
10533
12366
9848
14689
6378
14426
8567
5669
17234
0510
2177
4896
1352
12719
9826
19266
13574
16103
6933
17906
0056
5349
10384
4115
9709
1002
10819
1898
7994
16460
7804
16851
9595
18119
10887
4088
18206
10869
11073
14522
9345
14955
9661
18944
0954
9718
5731
19214
1061
8280
13271
16643
19765
0963
13073
15073
7344
12550
6943
9340
7750
18150
11403
6007
0677
2068
0880
1407
18234
6696
10595
4629
19442
14239
2457
12415
14757
2439
5582
9162
11112
17158
15425
15600
2695
9935
10032
17929
12046
14038
5984
7364
10018
7699
4130
11080
2105
8785
19445
16373
1397
15288
3552
0716
0481
14428
10679
19613
3641
7860
4471
16121
2379
7602
9390
18624
1174
19400
4697
15553
10715
4839
16948
16737
7475
14325
0559
3720
15967
9483
6408
6725
18678
15667
7820
11985
5242
11084
11459
8502
19338
5073
17315
17221
13806
3503
13110
15115
12188
8113
14650
12842
12000
8180
19876
17639
2017
13387
17019
19123
1398
0156
11271
5369
11139
2897
19406
3564
2970
14828
11312
19347
8455
19892
11572
16567
16206
3842
18404
15773
13120
15675
19382
2947
15718
18512
15531
6029
13270
6761
6817
12960
0254
3565
5312
17298
14349
5637
12634
17328
13616
12324
4771
17209
0246
9024
11652
10064
16944
2243
1219
11727
14464
4292
18677
15787
8607
0534
11337
13540
19206
1147
4631
2635
0683
1957
13580
0813
9156
9322
14517
18486
17476
11574
14282
17207
4480
16876
10565
14176
9972
6010
5404
14572
2286
15227
2781
10148
5059
4393
18011
17047
15753
11224
4082
7002
5822
16109
9438
17694
13631
1381
19900
0500
15018
12266
16374
8320
10633
1027
3857
0300
11296
7440
9616
9546
1114
14102
2643
13548
19356
2713
19229
6354
16584
4626
12050
1319
13941
11218
3299
14470
11137
19901
2202
19569
15323
14272
7782
6317
4095
19476
16405
15670
16045
3845
3577
18966
7402
5071
19022
3968
12807
9524
6750
4101
10354
12646
11820
3197
18052
19293
4216
7417
3563
14284
3408
0721
10301
3468
0866
10176
3077
2575
16060
10491
0893
7945
1560
15723
4581
3152
16265
5747
1030
14290
12186
4150
12806
1347
12688
13960
3485
11535
7973
0634
7887
19209
16986
17786
7258
4505
17217
11068
5136
7438
15067
11674
3695
12036
12551
19253
13222
5696
7070
2347
11976
0263
6404
12623
4960
8986
11707
8468
17313
9605
3444
17121
0869
17049
17284
6819
4402
1306
15304
12002
1361
8548
9578
17784
4686
11464
11741
19252
2122
19740
2977
15906
11853
4885
4755
7547
7525
2495
5391
16577
9636
2272
13156
18418
5656
11862
5370
12799
9719
8544
5248
5931
17627
18492
6289
11466
2855
17265
12350
1759
18106
10861
13575
5717
4749
0613
7165
18385
2506
17377
14321
6572
3356
11426
19732
16446
13011
2494
18864
8035
9601
9237
0396
18238
14794
15039
8044
12330
0205
16256
2304
9131
8709
4787
7737
14920
3785
17649
5805
17671
7392
8778
16510
16906
13392
5466
18505
14584
2369
5765
18603
12767
11751
1394
15113
0529
7544
12088
7257
12105
7512
19822
19960
7396
8033
13893
15715
18516
13949
11423
8850
1757
18963
13192
13043
1870
19789
16514
8483
9010
15202
13830
5702
4305
4537
14194
14153
11995
0553
1016
12268
13754
13415
7762
1139
10027
13254
12108
4677
3753
15081
5270
6906
1409
15854
4849
13793
18607
10297
17138
16178
0541
0278
12225
4124
1294
2391
14874
13264
13471
17488
19059
16225
6751
3204
17044
19773
17059
9356
12559
2952
15148
2227
0705
7137
17310
7934
15014
7338
0380
12290
4209
13912
5973
19865
10163
4747
0626
19180
7179
15680
19417
11125
11405
17868
19971
14336
4346
17552
17504
13266
0962
7686
10192
5859
14883
10015
19177
6394
2689
10970
15226
15051
17314
11221
12947
0140
8604
13171
16133
15739
19976
15338
4768
11123
8027
3284
18740
9924
1351
1077
11053
10864
15630
17767
4177
9458
8517
14187
0955
5280
16992
13492
7924
6676
13707
16909
10401
6713
9883
19032
10909
1894
17205
16866
15389
10140
16116
9720
9178
0799
9764
13767
12953
7082
15168
11062
7242
7814
14970
0351
15405
12830
2096
13953
1935
18586
7643
1309
11916
16961
5878
18573
16670
16001
1028
3819
7519
2044
11453
7207
10230
1644
7932
2311
17301
16379
19850
0516
4833
11196
2932
1106
10492
5854
18397
16644
18967
15804
3707
5620
3068
18115
11997
16879
6023
13469
8321
14060
2925
9159
10826
13801
16335
0902
10830
10581
5567
7102
11953
4022
0986
19649
1287
16102
13617
18087
16520
0269
6145
14790
18164
10673
2393
9021
12812
19847
0191
17827
7844
3492
16740
18664
11504
17536
13699
6256
13479
8042
10704
0828
14543
12992
1848
5580
12434
0329
10292
8199
16639
18571
12528
8146
9829
18900
4529
17566
2921
19518
10700
7790
8236
5870
17834
19304
11458
2164
14380
4593
9611
14937
9513
5315
3526
1400
18964
13276
14454
14435
1614
11960
5879
4639
19262
14667
6952
19661
8787
16666
13417
2242
6060
9311
3344
3121
0113
19260
17244
16744
8433
5827
7933
17582
19488
8588
8870
13034
8506
5621
10796
9639
19165
14436
10742
1338
1770
9276
3508
11631
7010
10423
17844
19270
12333
6517
9927
2469
2862
4332
14524
4320
7222
4142
12305
8071
13008
5611
4442
15519
14897
7812
2203
5225
2625
14894
18983
5427
12823
6388
16689
19565
9594
0724
14172
2605
6297
7265
8524
6957
4083
17134
0635
7365
11878
8122
17074
16059
13780
19256
7297
4089
14414
10735
17222
7705
6285
5456
15981
10048
13585
6674
3606
9158
18351
19970
14120
1039
14401
6057
2530
16411
1448
3831
0309
4945
9060
18442
18757
12617
9944
12871
13810
2641
16725
3604
13185
9903
5987
8188
4732
16461
7366
9645
4260
0109
2557
5960
17407
4093
6332
12082
5604
17250
14588
16813
4806
6382
10487
19796
14280
7954
13824
2655
7086
12968
19275
16824
7263
0561
3163
15015
9039
1257
4952
3794
18330
3703
3832
17495
18002
19528
16442
6102
4215
8288
0797
15469
5750
8736
7557
7055
12639
2224
4599
1255
18715
13123
5069
5223
10739
18769
2525
1470
0980
0725
19026
14025
17757
2817
5825
7831
19906
14754
11910
1693
6722
8817
5093
0896
14372
6879
15245
10514
9511
12023
18067
5060
1901
18925
4814
1431
3420
18425
5723
2030
10363
4934
18298
19911
5351
7607
17650
16432
18889
15378
18789
17274
13663
15684
6848
19493
13695
18114
10023
18069
9084
12912
2413
8706
2053
10644
18060
15161
4148
8108
18175
17807
5123
19640
2558
0194
18068
17838
8390
16058
19053
8554
13543
16290
19301
8217
5454
7003
13937
3520
0884
6533
12690
14180
12212
14695
0771
18231
13906
2078
7576
19799
6693
13294
8608
3652
10806
3609
0748
3137
1412
13634
19593
8971
1069
13359
9224
7221
19835
16769
1968
19199
2812
6701
9837
8051
18279
7274
0454
5497
3243
14155
5728
11114
11865
17928
12130
3815
11366
0389
14856
7655
1378
4362
13039
8892
19352
12150
15883
18241
3019
14338
11365
12367
13141
8981
7574
18214
15093
6478
1899
5494
19485
5175
1840
5451
5554
12245
2966
18026
7140
18182
9284
19158
1735
16079
2836
8160
5659
12095
18704
16816
6994
1090
15658
11817
18890
9704
18894
5797
9759
6261
17312
10813
15579
11189
11040
14721
18168
5158
7004
19890
13866
4775
9786
0382
17155
15781
3901
0565
13901
0680
3821
7717
11943
4901
0368
3236
16672
1948
19946
7684
12251
10889
3607
12001
4936
4526
12642
4754
18381
0075
8889
11281
18101
7786
1466
7949
14263
10600
12380
7909
13889
17851
0363
8187
15439
2602
9538
9966
5124
12128
5141
4884
5478
16053
19217
18075
17240
11444
16957
19102
6541
16264
12734
0864
6999
13411
2592
0996
8507
1784
11684
4877
13846
18527
17795
13106
8571
14168
1911
2718
2166
19659
2190
14749
13400
5292
3084
19689
4553
14137
15958
3185
18689
4121
16362
16063
15896
9862
15732
10811
5784
16704
16752
9089
5919
12311
12536
4700
5829
17592
5266
18465
8824
10059
15551
9959
14839
4326
6013
19109
12673
11087
19020
12940
13040
3174
5942
17467
19056
18682
10110
2341
9901
1665
18278
15068
15783
9100
3768
13063
10563
14817
13638
11555
13096
7974
15374
16829
17376
15907
16700
18233
8293
8443
14379
14910
6877
15537
11436
1272
17083
11339
9194
7792
10441
17283
2670
13768
13098
4499
9052
12848
7752
14657
13587
9791
5911
8221
12724
2819
10867
18490
1566
1401
2706
0190
19456
16871
2257
1543
10783
19725
15696
5063
13188
16854
7303
13983
18528
2772
14346
9096
19129
6534
7443
18901
3261
9799
18132
6951
15157
5994
11346
9190
10682
19236
1485
12090
1664
19326
18584
19045
10376
2608
13370
9699
16696
11101
6865
9694
14218
3613
17519
3165
9219
5849
5373
17129
14838
0542
11350
8463
0272
12943
8373
17317
7767
0803
12227
18938
18346
5563
10963
2443
17657
4577
18942
13596
2989
0917
18379
12614
4504
1791
9535
4688
6748
0751
17746
2381
12994
12759
17735
19414
18204
12120
4676
10513
13314
5235
9092
15862
9955
14431
7877
3358
2623
0020
15851
4270
9387
11800
9279
10317
17091
12476
16386
14784
2971
9852
0744
1141
18089
6757
8198
0180
3994
17241
10085
11919
1681
16015
5133
13309
13620
2678
17837
5908
19597
16281
11370
16165
0710
9997
5203
13808
16095
10799
7728
8413
2875
10119
0444
2710
2268
5550
16902
16140
5534
6163
12544
9068
10761
1878
16354
10523
16702
6085
13921
7837
15872
0520
14936
19105
17734
9912
16166
6803
18139
15782
4404
5445
16972
4338
9061
19756
9963
3909
18118
4780
5956
16795
0331
4920
6602
0202
9553
6780
5523
12526
13454
2574
9338
2889
13381
5114
15741
19142
19599
19859
6830
14621
7483
6088
8375
19735
17926
19783
4214
2212
11284
13526
4695
6581
9913
11788
1071
12152
10066
7733
5757
5099
13229
5715
15735
4040
7879
0940
5824
1535
7884
8579
3773
6424
4363
10703
2918
11855
10417
19299
3659
11028
6797
0769
12884
19676
7062
16416
14486
2910
4411
15719
8790
0901
7878
15674
7295
18583
12738
14814
19991
10617
7064
14047
2350
1328
14752
18922
6293
19584
18720
13335
9803
19898
9915
8428
16991
9250
4058
15634
6961
6678
11989
4863
2163
3259
5826
11705
0810
4352
6372
18959
1369
16408
3081
11104
19435
18698
18294
11522
12996
8899
3379
18902
1925
19834
4314
16027
9136
9715
11507
16566
16002
14301
10386
17151
3224
7319
9990
3331
12404
1454
16549
3543
16389
8969
10801
18825
8802
15614
2691
4506
18730
3297
15597
13897
17352
2973
13603
13533
7404
13157
6644
6856
12131
2603
3153
11349
2401
9366
10988
8758
6559
14988
6860
17760
8859
0829
5593
5360
2547
12598
8966
4656
18699
0638
4178
1379
9516
0024
7539
9780
4279
1640
18992
5776
8595
18661
13827
8835
16504
6881
13852
1673
15986
8737
11966
12061
16114
16728
11612
8060
3687
5885
3919
3456
13679
9964
12817
3718
9713
4026
9769
11704
19606
9365
12769
14107
2809
15533
7857
9717
9475
16779
9579
0237
8699
16431
3360
10165
2588
15882
1818
5781
4912
9585
3973
2066
7223
0984
10034
3992
6053
12236
3222
13121
5846
17569
8672
0473
18270
8793
6263
16418
1586
7447
1658
16771
14642
15224
2842
16175
13598
1772
13363
14546
10689
13449
2566
18736
3573
10709
1270
7380
9530
19777
17787
7087
13436
18405
7060
9164
3177
2675
3676
15150
6702
16608
11978
15512
13162
17572
3509
13520
19391
4422
10952
15344
3683
2042
7113
13132
10953
16950
2400
14641
0921
10056
1687
18684
11064
2223
2420
19869
14632
8359
7098
1215
4053
14699
16467
4116
0041
17459
9087
3920
7907
2112
10661
19571
10775
10987
3128
14392
11310
12158
15358
0452
18744
2704
9937
19161
10719
6055
18905
15435
10872
3092
2308
19346
7927
6141
1254
6312
5471
14711
4485
12319
14508
3669
19041
5483
16283
19454
11158
6585
7834
5664
2638
14662
4871
12730
6208
19921
6852
6610
9446
0870
18321
6941
7255
3071
6873
6265
3464
10643
19961
17544
12436
15041
16892
5394
7363
18431
15037
11961
9779
7749
13779
2365
18531
9659
14333
3325
18510
1564
8729
14942
1038
7313
4638
1611
16286
9631
8133
15254
9505
9870
9202
4918
8355
14437
2380
12703
3258
5116
0546
10926
0700
2596
10415
10941
7117
2792
2911
2630
11747
4711
6484
8887
0593
14638
6971
9404
18961
0961
16427
6922
11283
5057
19808
2899
6446
12456
0381
14407
5334
17465
3450
9789
4045
8037
1932
14416
10045
4264
14583
12780
11336
11688
19163
14751
17646
18975
17886
17823
4440
8585
3247
13685
4634
15507
7056
2550
16380
6671
13329
13776
2201
0776
4194
7731
13720
7627
12362
13519
10648
15899
4198
17895
2534
2418
12755
5503
5977
17555
5698
15819
16889
1827
7606
19034
0932
13459
8940
1521
6018
4387
14700
17779
7394
11962
10814
17006
2330
18129
8010
13669
10409
16553
0111
8839
17778
5845
11723
13690
0419
12274
1213
11743
9331
3575
4405
9985
8612
7638
5874
5108
4933
9589
8534
7894
18197
15710
9859
7430
7270
15643
17830
16963
3688
10222
2210
14134
16186
6339
1537
2342
4795
18460
16701
17922
9830
17289
7250
8694
3995
16187
12751
13204
9333
3553
15332
17442
2846
7739
10499
2535
17257
17513
4603
7601
13752
16573
11186
19063
14514
12267
12566
7641
12789
0681
17470
15395
12030
12309
15501
7340
15982
1734
7798
9112
1546
13143
6019
0116
5716
15954
4290
17218
17894
17466
16954
9368
15797
14989
15329
4797
0015
16527
1869
5785
11759
18403
1843
11193
7911
9238
9583
7959
14024
15082
7629
1088
5641
7635
8945
16342
14706
7085
10966
15024
3127
10468
17396
18303
3594
14646
11813
18368
12223
8885
5252
16217
7618
3881
16804
1851
12686
15940
14233
2460
4429
8803
0698
9241
10841
14759
11558
9273
7920
1516
0847
6909
18589
17330
5335
5325
7634
16896
10351
3897
13864
4054
18472
11505
15950
19506
0620
4029
4172
12645
8287
14591
13434
14281
3936
16501
12907
19728
19343
3906
4530
13592
17958
4451
8965
3219
11663
2423
16325
1110
1776
16049
7939
12401
18821
4903
10129
2931
6490
18872
13419
6774
16832
15380
11410
1761
18221
14069
19703
4069
5722
5868
15430
17957
3102
9809
18567
18794
6111
6996
1125
11623
15905
6223
5772
13698
5362
4439
17999
11359
6934
14054
0425
11016
3542
12203
5465
9058
7531
15247
12595
17343
6175
11758
9460
13565
4757
5789
1410
7290
7899
15743
19515
12485
15750
2742
13633
1013
11827
7940
9782
3459
13147
17204
8245
17324
9382
19060
2960
13994
1329
6598
3135
16366
0293
8074
8917
7460
10550
8880
11047
13606
15608
4594
9533
11857
19511
2149
6464
19609
18485
2552
2248
8603
4791
15799
3735
17434
13428
7343
16697
9501
3537
8930
12053
16531
18275
8763
0337
14878
6413
13936
9461
13261
17286
17965
19572
3997
0505
0915
13257
15813
10947
6918
14748
18581
3273
7019
5058
6801
9622
12696
14017
11121
11784
2813
18813
2940
10831
5277
16981
8845
16048
6970
9522
4681
2240
15336
7542
12798
6554
4532
17383
18042
19995
5262
0411
9742
1340
16548
5090
10488
10353
5142
8196
13046
11803
5077
8522
2415
12099
12351
17881
16665
5095
17102
19082
2147
16142
17790
6389
14433
1366
14848
19548
14330
11078
9358
8387
11633
2170
16026
14123
14822
1118
5053
17512
1166
11246
8848
10134
14698
19228
0099
11742
14867
4559
0673
1296
13783
11917
19225
13468
17742
19451
1131
4909
9893
0780
4339
11188
8806
9048
2828
5606
10012
6589
7863
14527
9172
7213
9214
16899
15066
13346
15384
5118
5742
9035
15654
18809
3589
5220
16488
8353
9519
4255
3146
9748
16207
4643
12012
2454
14098
6419
7759
13437
15416
15763
5258
15683
12208
8370
18690
6724
10674
9102
5602
17423
5284
17389
4990
18163
1173
11711
9521
11448
9104
1837
6435
11146
17607
4221
1495
6136
3501
7210
1301
3201
2872
2818
16043
0354
14312
9647
1026
5912
18335
5087
4421
17725
14735
0552
4726
10943
3931
16497
5430
0273
15499
4321
16852
5591
9705
8228
16333
12869
17393
14980
2446
16987
10263
19588
6596
17635
1450
8924
0165
1936
0360
1029
8558
12122
17173
15401
7701
8286
16141
1268
18102
5680
11792
15830
11171
10733
19760
3011
11528
17704
19119
13354
4985
4419
19049
15177
18636
17850
3719
6047
8998
3798
2119
14304
6772
7160
19363
3395
7554
17016
2619
10413
10033
1966
7428
15823
1189
17870
6451
8008
0285
16528
17288
8405
10632
1384
16940
5562
19433
9573
14450
14915
10847
9226
4171
18849
1684
8081
18842
16341
17507
11474
19011
12494
15321
17064
9029
19517
7029
7595
8584
18672
6925
4043
8159
10245
4193
16066
11382
0201
9665
10881
19122
17052
2093
15237
5199
7943
7259
6926
1855
13233
17445
15768
18768
6720
7395
7753
8063
4602
4983
8129
4349
5054
5120
6825
19460
4940
17853
9009
6183
15873
9105
18185
8638
19107
1146
3878
5440
4733
1446
8941
14151
4237
15653
3962
3538
14136
16587
9004
1220
11527
15286
13333
17339
16020
10724
6270
5509
8647
7756
13246
10251
11499
6243
6727
7614
11885
14709
5679
13601
5790
5447
1763
15890
1224
5847
0350
13027
9813
0979
1496
15151
9313
7651
4538
9793
12343
15636
7158
15530
18014
18881
7500
19411
3989
11787
15695
4367
3747
5089
12501
1386
12826
2127
19186
13238
19841
19190
19172
10824
17590
15122
6765
7105
4157
13108
13338
16999
18035
15272
4152
0718
4665
1756
4608
14832
17601
6160
10294
1970
18914
17782
8024
12016
3210
5794
3473
10541
3599
5028
1194
13639
4470
6530
18840
13288
7881
5941
12582
7901
7180
13672
7965
0260
18799
11683
16920
18957
16387
3385
13626
6503
19219
0151
0217
13573
17365
14140
3818
6681
2512
13149
2975
18406
11408
0089
2472
11583
4753
5691
3213
2155
13107
4238
19322
15175
19075
4062
18258
9123
18760
2211
7709
5865
7921
19595
19111
1552
5375
5489
12296
12857
3596
11316
7758
19457
15825
19674
13980
18140
7044
11554
12043
19324
6262
9215
19870
17707
9439
1007
14579
10914
4648
11964
14234
8921
13279
10854
13391
19928
2669
17190
1036
6532
5953
16492
16061
3033
10356
3246
3862
5763
5318
18904
18685
8505
6509
8488
2508
19197
8350
4928
18727
14310
4597
11897
17643
19836
5181
5304
13577
15973
17574
0973
7976
8843
7006
1810
15243
8434
19375
17176
13742
7938
8079
3859
9478
5441
14635
8961
16714
9660
6988
2236
9517
19810
9121
8296
17498
6460
18835
1591
0816
3160
0183
3619
12612
6350
1441
0861
8265
7851
10260
6137
13232
6474
8581
3701
19856
0074
3725
14898
17123
7771
13789
19062
19003
3416
19265
13837
11998
2282
0330
17392
8319
12961
1919
1439
11105
19276
1009
3055
17610
2363
19998
13012
17163
14144
13109
5436
1052
0214
11922
13786
10221
3254
9754
18230
6364
2137
2780
13179
10996
2540
6129
13166
2031
14697
2913
1986
3693
13083
6901
9379
17801
5080
6398
2539
16858
5190
14612
5129
14675
5976
1343
1276
18219
11395
4373
7472
15201
6692
2591
13855
11519
9686
12483
14258
17447
7492
7968
18833
8097
17841
18592
16036
3133
19402
2909
12746
7230
19157
2571
11570
18487
1058
0029
13764
2009
17591
4989
16742
19495
9036
16718
17994
1554
12562
1902
14139
11168
16081
19553
8652
11387
9512
4941
3031
6044
7128
16731
7107
14485
4723
1672
11130
17520
16295
5206
10315
11557
6215
8003
8166
11357
0925
9493
6527
10665
13683
1307
12868
7781
10145
4895
11588
14816
16649
17603
8883
8092
19243
12962
19355
10196
3934
3928
3298
10880
13807
1274
11725
17119
15453
0998
17357
8867
12677
7444
4616
6172
15740
2392
14348
3671
16047
8176
12624
0621
9090
3315
14830
13860
4967
16533
11433
14885
12643
3847
1117
18255
9703
8266
6135
8047
18943
8318
0176
3691
2861
9755
1885
10774
3664
11216
16320
4703
8753
11449
2005
15678
17021
16621
10081
2385
15691
18545
18236
3193
15685
5320
8861
1922
3066
17626
14990
10984
12395
12743
6094
12310
2609
7361
8935
17183
18801
6046
13578
4527
1403
3699
10343
4329
17908
19094
2948
2990
8171
10934
3253
15001
15772
13743
4458
10440
12114
8513
11911
11814
1326
2037
18085
11172
1605
15394
1507
8832
12239
18934
18918
8473
11164
13344
17984
17157
17877
5787
3134
13771
5819
16843
11351
15620
8949
10647
17690
11371
13342
6956
9430
19271
4778
17287
15591
15277
0412
6560
13805
4596
9766
9783
9292
7876
8749
16903
18554
12708
12295
10195
8761
1119
5204
6495
11520
18094
11773
17638
10694
11831
2693
12626
9743
19121
0531
18413
19837
17697
3763
13389
15098
15756
15408
15919
15326
10070
2404
4475
8412
0827
10469
7370
4370
8857
2047
1743
18670
3867
5487
16476
18301
14350
6488
10687
3115
8893
18104
15249
13174
0146
19371
0168
9635
0026
13187
3814
6911
13366
2254
11493
1941
9619
3234
7457
17518
12183
18449
1492
2006
3330
5051
2985
2225
18250
15943
2055
17025
19429
1984
7291
15703
1657
8067
13740
17655
6026
12371
6645
16807
8475
5107
18511
17550
8687
9765
2753
2032
0095
10437
0511
15693
7827
17954
2139
8393
18601
15880
16439
15839
0344
7833
7354
10853
11988
3274
10495
13003
7042
3446
18126
1780
16104
12987
15726
7549
14798
12449
1447
3888
12109
16911
14226
5718
3988
9602
17931
7277
17231
11732
14558
17425
8279
11230
2098
11255
12405
5689
19684
14593
19074
3225
12167
6512
16650
12096
10232
14034
14671
7533
3527
15713
8157
19474
19419
12495
3180
1095
16532
4163
0313
11798
16077
17473
4644
6563
5260
4744
8317
4399
14575
15686
2783
0741
9209
15498
4552
6134
16723
1974
16687
14441
8304
13701
17458
16356
18713
2679
10346
19672
4474
1019
2364
3319
6040
15036
0403
6432
14315
3167
10542
14096
4564
14829
9988
16388
6893
10473
16080
0811
14738
15057
0456
16029
16376
14556
5951
8555
5935
9825
9490
1160
12850
2993
18773
11852
13221
0668
9940
11141
12713
4418
8437
3885
15995
5390
9310
3043
7194
19384
11026
10918
2193
13894
11761
19670
2221
19349
16138
5760
12048
19527
19600
12407
2025
13382
17960
10475
16226
8036
10470
18161
8046
19899
3963
13829
5954
7690
12875
15468
2153
10620
16246
7167
8641
6188
1854
0288
4241
14203
18370
19364
8701
4837
9643
1754
17829
11925
2599
0726
2306
5243
11145
8093
14844
10330
15984
8929
19696
0003
4736
17401
13652
19880
3370
17846
0727
1819
18893
5111
15110
17220
15062
12571
13537
6242
12715
14683
7307
3766
6682
19829
2715
0435
10822
2376
4285
2941
3839
18972
19175
10074
14138
1034
3308
17977
14967
3863
16260
1320
8650
4589
8759
14355
16033
13711
1096
5576
6863
11918
18542
7836
17973
14933
12075
14750
6818
9301
18936
16306
3206
8816
8243
1627
10158
3402
3409
3930
6113
17331
15367
12546
3143
12430
14742
16770
17879
18895
1698
5744
8747
15566
1879
6447
10609
1265
18626
3006
8643
16369
3515
16423
9620
19940
13532
0169
10329
0449
2384
8866
19814
10561
16859
6762
16945
3441
1337
8999
14303
12035
4031
19139
1457
3591
5525
16683
14548
2714
13615
12854
16118
7375
1104
12753
13765
17904
9662
17924
0537
6787
1155
12985
13033
4793
15641
7923
10929
9467
9127
3971
5167
17165
12214
0441
5180
13006
2979
17105
6122
14926
5596
0213
7772
16524
15952
16517
9801
13831
5721
19794
11260
1593
15500
6981
15672
18808
7164
18806
8335
19452
17311
13880
5193
8436
8689
1951
3494
7470
14043
19489
14074
13458
17346
14386
10886
6374
10955
7133
12141
0192
8361
17166
12479
4991
1402
1822
12704
7764
17124
5889
14834
3156
3074
6997
7449
14704
10664
14977
11772
14665
15547
8325
11005
10336
13000
8154
3227
9697
8365
18633
13557
17113
8499
10652
8231
4810
17775
2217
0948
15455
14547
4862
4179
7399
11106
0670
1794
16041
13854
17057
1765
16263
15360
5530
11642
1076
12811
18302
8713
18211
1497
7092
15666
19611
2639
0110
1574
1475
1927
11980
5745
10781
5479
8914
8609
13676
1913
16943
1749
4025
1262
0856
13708
2294
1253
11418
15207
2490
14707
17356
11107
4242
17177
18854
13858
13259
17521
17141
9702
3168
17018
14868
9977
1890
5005
3091
16598
14921
10611
11858
5642
11706
10507
0239
5836
8444
5635
19797
2912
3103
9691
16967
15301
5913
0907
17765
13667
8542
14511
11024
19141
15355
6688
1867
17321
8631
1404
12205
1940
1692
15123
0942
11605
16853
3050
6492
8598
18391
2408
11718
14000
11967
18652
11072
2615
3477
7520
19259
9445
15012
16691
15030
17490
9134
0253
18313
8881
2263
19019
13239
16823
4820
2416
5250
7740
17717
11689
19066
0033
13341
18779
17814
10206
2997
9641
18324
13460
12440
17154
9484
11488
14064
13958
16893
3386
2174
19826
0706
11273
18570
16842
1317
3661
6767
5645
2399
18446
1079
12471
8738
14807
19459
14696
9025
0894
15846
12892
10223
13933
10942
9117
12211
12731
19341
2775
17669
10858
18935
3677
0182
11647
14126
3977
10508
17502
13559
2502
14408
6358
15087
2496
6647
2755
0947
15546
17037
6868
16836
7239
0509
6228
4866
6381
18940
15270
2927
16227
2368
5863
17540
16867
19621
19424
14690
0394
17777
2827
9414
1912
2160
0860
10104
14823
2433
1590
2110
9614
18960
6857
11126
8909
17116
19030
1686
2259
1973
11135
5004
8968
4893
4786
7853
10188
1707
16478
2589
2682
18795
3352
9252
15263
14430
14381
13186
2452
6347
13975
8700
14925
2486
12172
5648
10587
17000
2517
5932
15475
14489
16638
13804
7800
7642
5500
19397
17042
6071
13273
1056
17862
8985
15065
8823
10218
9930
8372
17514
7914
5228
16880
19320
15353
14963
7336
8467
16229
4946
0912
13289
14870
11092
4845
15892
18283
8406
12796
11335
15136
19024
15848
9027
1958
9026
6972
16198
13564
2207
8873
8109
17925
7094
12816
18034
0733
6618
13203
15541
11219
9141
1713
4592
8022
18353
13682
13751
16391
9391
14888
1815
2076
1938
7806
15314
8078
1293
10126
7178
12169
19378
9571
13732
12293
6878
19589
9805
12885
16568
17036
16042
7139
12065
3965
3202
13686
2215
12931
3314
1570
0736
15482
0233
12056
17949
17872
18986
3376
4691
5730
3296
17464
10031
6938
11700
6816
1176
0210
13612
3739
15171
5475
4988
6844
4119
0806
19514
11895
12364
12839
8573
18480
13965
2206
10776
1244
18615
16848
12952
10586
7346
2289
1888
7216
11860
14158
4819
18395
18919
15878
8382
12684
18488
7437
18705
5045
13337
9298
1478
8364
12710
18190
4509
13610
16040
16321
0997
6373
9792
11212
1239
14670
9462
8975
4712
0021
9323
0264
7678
5780
8578
12999
6174
2707
8282
17307
17322
17680
2866
17096
10227
4109
18099
4046
11248
2007
16485
0298
4994
19534
14375
2649
14384
9949
14622
7818
6330
15033
13979
9044
9572
13914
1631
19705
17953
0793
15495
9936
3026
11553
6505
15043
1559
4175
4391
8696
0240
19420
5841
11679
9245
10618
4539
18703
7866
0846
18551
16525
14367
15784
0004
11161
0616
0908
6897
18974
6890
16101
12113
4146
19804
5115
16266
12640
16092
13913
15000
2417
4562
19616
13922
10978
17501
2131
8720
5308
0150
16815
5484
15969
9071
19768
14152
10304
9872
8834
9086
17306
4685
9038
2182
7521
18392
9126
9469
16977
16612
11175
15605
10328
1137
13028
14962
6636
8121
11892
18009
6083
8728
3993
10764
11361
12049
18496
15664
14506
1785
11844
10388
0466
17233
12687
6915
19708
7689
2618
0608
0935
14627
18259
16019
8797
18930
16878
4662
5151
16129
11819
10800
0964
10224
3265
13967
13753
4032
0250
2673
12368
3680
16130
17534
1411
2923
19112
2409
12373
4851
14472
3601
17276
15023
2917
7358
4277
7996
9015
17279
17585
5155
2403
3349
0236
11003
18299
6578
4138
9337
17038
13976
14295
15091
19537
6661
4466
19268
16913
16721
18517
8344
17180
18683
8890
11070
16453
14923
19714
16177
3217
4454
10318
13473
1648
10041
3267
7892
1557
6292
14240
9857
0728
13992
19376
4168
15262
10076
18558
18369
2398
7169
14264
15120
2251
19790
1353
0590
15303
3316
13599
2115
3383
5408
0536
15663
14806
9816
13218
0882
13409
3937
15101
9644
8599
7979
0373
5088
16296
1612
9821
19152
19549
1074
5729
1907
8602
7212
3884
18737
1078
15573
4457
15497
18292
4233
5830
14786
12360
14837
16358
2324
14574
0028
12292
7575
14736
15871
10547
15007
16529
19395
7644
9180
17606
9248
17004
5524
18242
8250
1204
5529
11198
5448
17349
19336
17065
6434
18657
4718
10229
8141
5743
2395
10707
18674
5699
8104
3504
5506
17557
12521
7613
0417
15974
13659
8237
10168
8911
1190
7721
3816
10270
12400
19415
3045
12428
6449
17186
3439
19913
5435
3056
5926
7681
1807
18865
12516
12262
8714
17140
0874
3598
19319
0651
13950
17002
15172
9389
1674
10231
7381
2054
3343
1637
2466
19709
11163
6714
5046
9565
3181
7149
2176
14125
14560
11797
6384
7231
17084
19444
0697
14705
8222
8811
1663
12387
8494
4792
4436
19759
6250
9186
13785
15127
7632
6668
9657
10936
1872
2219
0416
7245
13621
6002
6437
17371
2262
11378
18926
9486
17414
7590
9213
17416
4344
18090
10789
14660
15505
8367
1642
0262
9547
14019
14293
3073
8619
11576
2532
19501
0830
6880
2594
14762
12896
5426
3875
18739
0101
18958
0167
7254
8703
7760
3414
4497
19348
8826
10544
12963
5521
0228
3472
17184
14975
7089
8755
1783
17117
14354
7256
16099
9236
5310
1177
2922
14918
8665
4240
17629
6056
0989
12910
0889
19083
6275
2544
15050
11913
1373
11194
11585
0824
8225
4368
1429
11063
10564
14916
15552
4188
5275
11160
1203
3612
17871
15206
10381
2637
8681
2079
5893
9330
16410
7145
2028
11563
13038
7675
6948
5022
10549
8977
14581
14165
11552
0013
14116
17822
1944
0249
17804
7406
18536
13312
3796
4037
2089
14492
12621
13498
14549
7419
13182
11671
16581
12891
0204
12512
2869
16591
8743
12437
17936
4853
13918
19128
2045
17147
17295
10071
8695
6511
15728
0154
12692
17077
4028
16554
12116
11934
18412
4874
10326
6669
14666
18046
15767
2521
14087
13512
7658
5438
17164
13306
11089
0405
16557
13597
18010
11046
3131
2723
3336
10844
17741
15918
9343
5948
4063
0276
18831
18796
4261
9908
16519
9247
14694
9545
12524
6363
4966
16941
16833
9827
3827
1799
15261
7235
1283
18415
15885
16729
1148
18758
6473
7869
15776
12680
1154
8501
11850
9669
17008
0905
13515
8084
8153
2172
14555
4185
15563
2114
14245
7639
2523
10598
3605
11598
16255
11492
0385
14737
1862
1349
13896
12518
6269
19546
19817
18722
16197
10398
13689
15072
7662
16131
6239
4202
1086
5719
16390
13427
7871
10593
15985
6967
7407
19088
17727
18419
19221
11722
5592
2156
9554
0743
12998
5843
15126
13784
0664
15786
13910
7981
8810
11103
2581
4708
10029
16493
11829
7591
12345
15802
19201
0112
7371
7278
17952
7537
13214
4727
5627
8351
13874
6072
7660
5887
6196
2059
4154
18656
10693
2692
9876
18688
1486
12247
3149
6855
1455
17974
12537
18284
12328
11304
6619
4331
17845
19671
11658
18784
17719
12372
7808
11108
16973
14468
5613
11481
5218
16809
16764
16257
2513
2785
19038
15523
7337
11059
16556
19025
11209
14908
8091
10555
1181
18439
7312
10084
15334
17660
11680
8086
9740
11431
11963
13798
6905
3817
11826
11422
11805
5231
10536
6498
12068
4445
3662
3590
14089
4716
1094
11731
0836
12565
14815
11076
10106
3825
8272
3789
5076
19681
16767
16624
2335
18605
0815
19298
3063
15937
16209
6369
13076
13031
4604
7983
18971
14808
5365
1442
5945
17770
10378
19113
4705
10444
13117
18183
18421
11716
18836
11946
1067
19758
19360
12543
1633
13490
6953
11480
13447
1892
10092
0114
3893
8430
4865
10114
17092
19263
16755
11190
3142
11848
5507
4872
7491
14948
4176
16085
15875
6192
2270
17235
15927
9017
9687
13535
14846
11009
10259
2907
15383
7725
9065
19331
10009
11608
8147
15604
19315
19715
8193
11432
2073
12548
2377
4111
0722
16038
7328
8520
18071
15859
10432
12241
1170
12195
5056
14192
11573
16932
4963
18396
14578
9711
12986
7170
6138
14842
12702
13506
17744
16134
17883
14351
6781
14513
12920
0678
9080
6073
3927
7898
19965
17010
15290
4134
13772
6502
15315
8484
9464
10756
18359
11906
7497
3106
3440
4449
17600
19948
13865
14340
18191
3663
8290
3826
6481
12039
18990
16509
12123
2447
7226
18628
16146
4610
11299
15442
13590
4981
15187
2124
15920
12577
13365
0583
10200
15095
3072
1691
10551
0122
13311
5414
0637
13464
12080
12889
3638
7037
19272
16434
6574
11124
1185
0126
1277
4137
6307
16332
2475
0038
14557
6491
4038
9808
16745
17278
5927
7199
3221
17933
5632
1292
6528
3119
12306
13911
2561
3359
17195
19477
9264
18521
0053
8751
17333
15524
1318
5625
17803
4265
9424
19379
8234
2505
12086
12219
10729
11415
9488
10820
9992
4651
14016
9981
14498
6472
16399
0295
16846
3668
15602
8241
11333
14160
10866
18329
15689
18186
12946
19685
6456
17275
0746
15631
3279
2804
0290
3505
13588
9001
14634
1683
7487
1372
2283
12693
12592
5131
2175
6631
5981
9570
17297
2579
3630
13142
12107
9324
14092
0528
4015
12334
14909
7049
3154
16855
8586
0390
18627
3882
9998
14949
17899
17903
5542
16595
1024
5965
18617
1700
0068
5105
3694
6240
10843
16311
9653
14708
9260
8739
5556
8397
8479
10982
11295
14145
18635
0488
12275
15704
11714
12055
11884
18933
3628
2570
0193
17652
8138
6443
12870
5442
5934
1014
14629
17345
9347
3923
2908
0085
0207
9815
6616
12234
3686
6173
12193
17431
3810
5898
18311
6423
17028
15049
17788
6861
5622
19126
6709
2428
4186
6670
3758
4262
7039
19931
1856
13552
3251
16065
3681
18097
5714
1730
0970
1105
6151
18021
1747
6889
15496
2354
7359
2199
1044
6124
5144
8400
15058
16412
1198
3401
6706
17772
12254
14398
12346
6000
7034
2467
17007
16089
0283
15889
12383
14388
19755
16484
17961
2821
1971
10077
12098
10068
11775
0767
4993
6489
10577
1626
7234
3632
8362
6840
3342
17865
2152
7192
7016
16156
19729
15398
2542
19762
17436
16221
1186
4840
5343
12682
17597
13957
2503
17547
6155
3389
4910
19754
12382
0125
12913
14919
15916
19106
5288
15999
7446
12406
6937
18179
2648
15640
3161
18578
3795
5034
17024
5615
3651
7603
8796
7501
6771
6728
19545
10137
13781
18857
19654
16971
5916
13386
17372
14760
19969
4337
19526
17120
11334
8669
17463
9671
1836
15236
1781
9866
16413
1417
18332
12539
18724
12194
15327
9299
13758
12263
16781
17225
7299
12301
7334
1660
10406
4582
16203
6211
4585
10320
7414
18309
12348
2833
5338
17813
2796
3733
7897
5200
0969
11489
3917
5305
12347
14197
2538
5671
5273
0392
15234
15554
4380
2554
18296
9806
1967
16273
8697
16324
4145
6521
15253
4408
9251
13996
6225
0914
2378
3990
2688
10773
10784
13963
18463
2556
15431
9148
5075
8048
10096
0749
7033
7331
17724
18148
3891
15558
5149
0408
10308
17691
18948
4640
12320
1609
7206
3822
17938
0802
13797
19726
18641
10663
3539
3311
3058
8083
6232
5047
13815
19170
16659
12761
13213
16960
11270
8916
4573
3879
13945
12588
14617
17022
7829
3287
8098
6718
0983
11996
2946
14382
19009
10678
12126
18616
10377
12044
14062
5783
15069
5382
17644
12459
2740
3697
14460
17011
1004
2658
7622
0345
9767
11536
19711
10788
8807
19345
13878
17043
12493
2747
12013
4524
1525
15117
17270
10159
14960
10510
12076
12716
13444
18336
6271
18459
10899
11512
10072
11881
7031
3982
15305
17593
15185
11796
4243
3578
5286
0788
4350
15652
4776
16654
4489
3256
2831
13900
8270
10958
12137
10850
18334
5341
6770
13170
15690
11590
12787
8846
1578
19031
14095
8974
11241
7335
13549
12321
4892
16096
13509
7915
13351
12513
9948
9157
7536
15994
4239
10430
12154
0619
8058
15759
15215
0867
13998
17336
0618
5128
6338
7214
18008
19542
13619
14875
15284
8311
6167
9453
12014
2877
18826
1551
14297
9860
2370
19140
1126
6294
4857
9633
9133
5741
13334
6790
1325
9062
15464
7494
15997
6904
9012
11187
2888
14767
16651
4713
0906
11818
10102
5319
18543
4796
11616
5697
18471
9776
7507
7559
2770
15561
6299
17739
3900
10271
5113
9014
14049
13069
8080
14014
7803
11617
9582
10907
5416
13680
10924
11039
15616
18969
14267
4785
11500
4426
9233
10374
15017
2816
15730
9868
2320
5300
9934
5421
11340
2835
17418
5590
3312
1091
14276
4510
16949
6595
17978
19212
8452
1382
15539
14370
5385
18402
19200
3907
17258
5389
6235
11526
9928
10902
19388
4394
11402
8649
2026
9480
1604
12073
13398
13300
10060
17230
11091
12058
19043
7825
11601
12881
15655
13418
9257
18033
6034
8686
0414
5165
6940
2281
10266
6445
0460
14259
8139
10999
5399
9618
5946
14224
10506
3912
6011
19787
12771
0783
10391
15814
16481
18041
1055
19958
9968
13074
9492
10994
15441
12797
9456
3926
13022
12519
14374
5575
0129
17178
1580
4199
15291
10228
15035
19594
12189
18285
0137
6302
16929
2295
6448
2065
9982
7482
14564
6210
1926
15403
6899
2293
8330
18227
14130
5290
17335
15022
11111
9066
15627
12772
17993
18015
19554
2954
17174
7238
11994
11545
9321
12379
17826
15727
5773
13248
4191
13485
8827
1396
4092
9751
18820
15788
13969
15310
18762
2027
15805
1876
19752
18566
19895
7283
8957
3151
7925
12672
19924
11729
14128
2488
16164
16270
1797
7450
16070
18141
0164
12553
10723
7389
3853
16791
16268
2633
18655
6648
1127
8937
15240
17915
10477
7471
10357
15764
2528
10750
14727
1482
3218
8219
11049
1149
14725
3554
19183
15369
14946
15456
6729
14119
7147
11320
14741
4937
16980
2920
10289
9681
12900
1610
12248
18994
19579
9432
15044
2197
8989
2132
5147
9729
11373
3381
14028
10276
8918
17387
6315
5894
17589
19646
15555
8654
2734
16905
2565
15090
13962
16743
14309
14528
16885
7723
14271
2801
19966
8536
15396
14985
10051
11399
15612
12062
17304
7594
19303
12919
2366
12514
13250
15746
1877
19845
17647
0972
0798
7517
8919
12538
7332
1909
7320
12616
17480
4161
8276
7646
12683
8162
9380
19673
9863
11259
0792
7692
9229
11023
1619
6946
7330
0501
8525
5724
9675
16677
10447
14567
13666
4678
1750
5515
9945
12520
12414
10998
3064
10385
5983
4228
14030
4886
2471
18845
6170
0118
17755
4345
19373
2473
8944
18882
6089
0648
7489
12112
6754
2266
18873
3541
2962
16367
3187
11356
9138
1099
14616
17535
14865
17432
17946
6324
13154
13212
17125
18561
17412
14150
7125
0461
4156
11494
10818
11446
14930
8503
2666
3820
19409
3811
6098
19704
16172
14317
5657
3483
4170
6807
5285
10960
15438
7360
16788
14884
19244
18147
6793
0225
4020
8408
7788
2754
17839
0259
11883
7220
12286
15273
11701
7935
6641
8900
18952
18659
19362
8004
11393
7951
2041
13345
13907
10172
6221
14344
7298
2332
16575
19305
7415
17196
16011
17031
2095
7865
18194
17080
10493
1315
7225
0286
8100
12118
10442
6230
6233
13160
2580
1453
12988
8115
2013
17997
7426
9832
18438
7248
15567
8059
0355
17713
7177
9395
13211
12835
2437
15941
2856
0429
3754
7985
12532
8275
4410
0878
14077
13358
19108
5675
2841
8458
17995
9457
18707
17674
6272
5959
19770
2422
2857
8087
9364
6778
3854
2756
4169
14866
10624
2662
0504
14242
13741
12939
1157
15266
10501
10557
13497
6379
5331
18434
5377
1025
15855
11479
0170
0358
3038
18645
18466
17661
15745
0628
19952
14162
3723
15774
13430
8685
16834
6325
0632
15844
16586
6032
7326
2585
5514
12461
4679
17687
14010
18208
12385
19655
16498
14732
3183
11981
9235
6789
0400
1758
19717
11539
7422
2576
16613
17859
1314
19195
6704
16616
17035
14446
4476
11891
3337
17050
5085
0370
17087
5490
8118
14011
17623
11050
13719
14502
18745
12858
12015
19764
0959
2451
4578
0077
18931
14079
6342
14836
17700
5922
14294
0897
18386
7211
3255
13647
8072
0391
11651
15968
13197
18054
13024
13307
15959
3184
16768
13705
13692
7538
19530
6051
10839
9888
12739
3007
1717
3610
0569
7588
2238
4328
16397
16117
5264
0633
10246
14329
1120
17429
1581
6214
13102
10155
8021
16564
17251
14931
0465
4567
0215
14156
5157
10154
0485
2322
9392
12762
0877
19945
15214
6471
4953
19194
17475
9373
16307
6622
10490
1481
8748
10107
8001
4675
10823
8939
6226
17419
1164
14863
6024
7054
19860
7252
12438
12009
17369
12723
7195
12507
2046
11973
4450
11213
3093
14277
18946
4841
14078
11491
0175
3009
13227
1880
11834
5518
10559
11257
9651
18215
13569
3640
10993
15220
0898
19292
6108
12792
0662
10951
17452
2569
7345
8114
15149
4570
15449
9474
15818
17285
13763
7261
7150
4356
16835
8616
18560
16935
6035
4869
16877
13671
5608
19037
9076
12635
2668
15020
4443
14084
2992
4882
19780
6832
5183
19453
4916
9771
16078
14253
14040
12467
13153
18027
10670
1865
15650
11360
13193
9634
13836
18128
8233
9289
13267
18838
8328
4625
19544
1051
12464
12146
12659
11242
8795
16811
0841
9256
19058
17723
15146
12184
12192
2445
2825
7743
19369
8422
11738
12040
0483
17160
6091
1798
5298
0177
18824
5208
1568
0159
2278
2788
6910
16522
12155
19695
8936
4999
2926
16962
15124
13643
12265
10972
9067
0707
10322
8559
18212
6287
15422
16037
6640
5241
8095
13352
2843
9064
17144
0739
1710
3592
7805
8294
19289
12878
7208
17246
1752
7096
7710
14928
0271
11578
7991
15461
19629
19138
8007
1368
7285
8798
19133
6323
12733
2360
18786
10445
2950
14826
11308
6349
14191
11596
18802
2845
3062
0349
11152
11095
14171
8745
11836
0467
11409
11928
8212
0708
6101
11268
13645
16617
12499
15211
18746
5187
7532
6036
0993
3424
11776
11460
6132
13007
4706
0353
19690
0448
18526
16692
9965
15586
14523
4951
15638
8621
9041
2126
11968
7952
11473
8268
19220
16860
1628
1406
13425
16709
16884
18741
15725
8312
3462
3716
5102
19179
10532
4767
16541
17905
18692
5754
5092
9640
13200
16218
3214
9436
13572
17399
17422
17695
0817
10961
13523
2810
0580
1066
6564
2824
1122
4971
10612
12151
18509
6277
0647
9714
17945
0654
12535
0931
2924
6421
12386
2036
1389
0586
1150
9752
13868
12863
10203
10805
17268
2541
9297
16276
12922
16289
19701
11468
8590
15219
15216
1357
2101
17259
16724
16331
14179
12549
6520
12331
0734
0267
8283
16847
13115
14127
12828
4580
10849
6826
11589
6743
12442
2543
7142
11127
12070
19624
4211
7129
18448
9339
7005
3363
5432
19866
3244
6516
17764
14173
6483
18787
1247
4087
2188
15052
4935
7155
6236
19290
19437
3746
19330
5170
0494
4103
13339
19981
5091
16183
0336
11921
18017
10895
2711
8476
11839
7514
1679
16287
2358
17522
8303
16671
6200
14900
8509
11720
1045
6886
0737
16632
18202
4800
8478
1903
12853
10459
1062
3290
7038
5345
3803
11143
10358
3721
18213
3778
1534
6756
8863
7339
8205
16801
2611
16640
18172
16937
9788
8461
2071
11478
15436
19699
2604
1649
18876
18364
16914
12355
7191
10540
2144
16472
6624
17348
9842
11181
3555
3871
17578
2099
6888
13556
6020
7461
7785
4735
18765
19070
19333
1395
6433
2851
19731
7813
10063
13412
6095
14260
18530
8240
2480
16455
12522
19749
0130
10171
4205
16420
19480
3179
7268
6439
19550
9638
1308
10580
8831
17489
2537
8920
5564
13609
12297
9507
3702
6198
16437
8178
5682
17537
8247
9428
9479
14954
19741
7132
8419
9110
15372
13750
18360
17705
15368
3346
1786
14177
4184
14421
11290
14550
8664
16915
3434
14590
6603
8029
11129
14066
7680
16302
19150
2222
11313
2246
1461
1540
12917
17503
17683
2062
9679
7955
17702
11055
8252
18269
19422
14951
10520
16571
13691
15977
0268
2820
1424
19086
9550
7958
12742
10287
4764
9880
13068
12037
18295
3959
15699
17359
5921
11565
1043
8164
14221
19425
11113
13938
18590
18366
5024
14365
0206
2829
11597
6973
16634
15518
3387
15295
18572
9072
11733
3562
14853
15155
0684
2510
11575
3933
12556
6452
19524
6612
10651
14007
16192
1990
0199
8168
4962
14610
9811
18004
8015
1859
19853
9763
12199
2690
2464
12898
9285
13904
10404
19313
17791
11587
8495
10497
4666
3929
6936
16757
6311
4094
18187
16496
8261
18149
10175
10156
17380
16845
15269
4908
5933
11702
3582
19767
19737
7067
12964
12591
10170
2844
7784
11781
13583
14308
11920
14402
0622
12417
18394
7069
10054
13368
2961
7287
9967
7619
11655
11083
18819
6875
18612
12951
6118
12983
2607
8202
8829
18752
17750
10345
5238
16551
5064
0920
14393
13373
6806
11162
10636
9774
15794
16912
9459
11128
2371
6611
16886
1191
6885
16414
6218
0357
6584
19162
15908
12586
9873
12803
1536
10529
9666
10037
10777
2529
5156
12359
2778
17869
6206
17654
15392
10504
8818
15239
14569
19308
12047
3096
16975
8719
15198
4097
17296
17808
19700
9847
14170
19467
19479
12784
4544
7046
3422
11893
0564
10331
1650
5990
15467
1040
0451
15458
14630
4861
12439
8888
1720
13534
6279
16667
4890
12915
0277
18618
8106
1206
19208
14744
1955
6209
6555
8551
4655
19942
14188
1423
15510
2553
9621
14563
11099
4516
16803
3947
19001
1666
18539
13104
6264
13731
14821
0704
5333
12133
16457
11416
9425
7185
1047
4947
18748
6327
6896
8967
2885
18120
11501
16345
16360
9274
15318
9409
1399
8421
6791
15972
13982
1428
10519
18287
19682
17478
6021
8450
17604
3514
18340
6348
4709
5711
18373
16301
11876
4518
12478
10282
17471
17824
3120
18565
13371
7047
9804
0958
3614
1327
18024
3052
9878
10971
4144
12505
12470
11440
4381
4164
0548
9692
4369
14235
17479
14624
15195
3828
12861
13737
1979
19785
5795
2953
14133
18734
11195
14012
17437
0048
9018
7563
18018
18731
4878
8096
8565
19638
1556
10591
10599
0742
1227
7553
13258
19964
1682
7308
10478
12573
19927
5455
8642
12801
5792
18987
16707
8169
11341
17682
11900
17137
3150
9900
7348
17350
3351
4508
0088
4838
1704
9604
5888
10524
1805
14530
0527
8722
3054
9732
1212
4343
14110
17811
1042
7441
12933
17748
19631
6643
15191
17586
7409
18016
12420
5061
10419
13136
3833
12024
15152
12425
12162
5481
5227
4091
0071
19110
12181
1356
10323
5802
9590
17073
11496
9996
11949
10780
15965
18176
16228
9119
0588
7071
14439
4601
6420
4374
11637
14972
3684
4128
4649
1426
19666
6802
0032
12101
13736
3037
3333
1121
7241
9394
16890
11736
7418
17636
14801
9198
12916
0188
9698
7247
12752
8278
9537
15544
8496
8970
0598
9316
10105
16663
16515
6356
12685
6377
12257
15002
3449
7670
18823
3136
12240
17559
4959
6143
11159
10256
12831
5184
9118
16318
15856
5049
7797
18507
17712
5810
8417
4779
16435
8563
5683
13150
8828
9802
16821
8034
2573
16630
9406
16196
16601
18680
5236
13747
12450
0636
6415
8480
16120
16516
13010
18862
17451
5197
8454
16393
16555
10463
11057
3282
16162
8950
13438
14287
10569
18357
15182
14159
8658
14833
7839
18541
11264
14086
2741
9308
9777
2148
10094
15540
3407
18207
7848
11789
16796
18852
0723
7083
14518
5267
16004
12625
17143
14442
17939
9369
1348
13313
11812
6739
5233
15070
10572
8692
9230
18877
14444
8982
17462
16073
3094
3495
12632
4939
15935
4503
16775
11896
2141
2790
12216
9914
11002
8933
13461
10810
18169
15354
5579
12117
1135
13299
0006
11311
10179
9095
3510
2261
16711
17095
13614
11809
7893
2187
0334
6867
16678
12860
9864
18121
19576
10261
18828
1850
7184
4302
10627
19380
4254
15410
18896
10489
6247
16445
15341
5078
0220
18073
0826
0338
0691
6617
16627
17496
15071
19005
11362
8289
4247
8348
13210
8388
13738
0773
6486
9059
14292
10339
18228
17913
6390
4114
17884
15056
16179
3777
9294
13555
19912
3016
15598
10797
4968
15938
15857
0002
11629
1945
1803
8082
14483
1842
6755
16355
1517
7503
4070
4815
10641
9695
6775
13416
13274
16125
14611
6745
14607
14445
15845
18293
7022
2656
6333
9598
8723
10605
0764
3841
8378
0967
12161
11148
7198
9577
3466
14494
16361
6731
17602
10183
19564
15826
9412
11970
5083
17888
10706
12893
13494
6099
16469
6229
4617
0976
15902
16093
0388
14688
17450
17861
13840
14551
3883
2303
17964
12997
2696
11061
3548
10790
3322
6207
14787
10485
18399
14796
1200
13393
8962
18251
19130
4969
0563
7663
15257
9234
18790
0046
11443
0918
3437
15803
2191
12568
12855
0216
18837
3078
12726
12021
9673
7645
8302
8645
14847
16688
17890
13041
18976
4536
4710
12481
17840
15502
0158
6268
15294
0574
6536
10443
6744
17264
9539
12411
12361
11755
11071
6958
4190
7368
10639
0924
13920
5014
2699
7948
16754
11780
2440
4259
4759
13255
10355
2597
13832
15339
1304
11292
0873
7751
4086
15179
7362
4187
10341
0567
18798
4289
5186
14973
14124
3132
18131
7469
0197
9987
16300
1567
0222
0669
6766
18058
15705
18199
3579
6649
9037
11540
0525
2901
2023
17670
10016
4930
7891
11957
4624
1469
14661
18719
18666
1937
10449
9877
10793
8389
17970
6146
16594
2519
10671
19421
0761
10714
9708
14063
4799
10411
13029
9648
8329
2414
6054
16171
6496
13167
12517
7305
17128
15742
14998
11301
8235
6197
12358
3657
6078
17426
1479
6306
6248
7453
1963
1169
19811
0994
8215
2976
7078
15947
14420
19698
2708
12455
7770
6120
14429
2964
13997
6164
15391
1367
1553
17740
5168
19724
11974
18469
12025
14213
18457
10480
6920
14363
16157
18237
12529
11038
10582
8661
7926
4108
11398
16656
16800
17715
17308
1335
5639
11133
18388
19231
12019
7694
0611
8142
9684
0098
14039
0065
9890
10247
1694
19980
8964
8090
15083
18482
12827
17792
13084
0930
13457
18408
4484
11192
10211
5920
0173
15731
18962
10732
9000
4555
15379
16646
1260
16869
16402
15471
0839
15138
10973
14228
15933
6677
3390
19314
14843
1921
14939
14809
14327
5979
15843
13116
8526
10008
0179
18082
9668
2107
17901
1571
4258
16596
15535
7373
14785
7648
9768
3018
17539
0115
12008
10049
3742
3248
9185
9109
2448
14805
2687
14899
3685
17474
1748
6954
13472
14358
10718
17228
6715
9946
13770
8232
9584
14804
13291
15363
13487
12298
13511
4528
7543
11475
18470
11173
12027
10434
5428
11247
10210
3529
4166
16155
11086
1433
6733
2151
11791
14906
9735
4667
17959
9760
7840
18822
13215
19994
18631
15130
8446
2298
8184
2782
17338
8874
18965
12258
17076
8691
11452
1882
3302
17169
19747
17836
3981
18500
19918
3972
14726
2063
0981
9784
5357
9239
3220
15955
4942
0719
6064
0247
10877
0645
19350
4898
2959
19978
17193
15673
7136
4876
14356
6876
1696
2629
5749
7598
2168
13349
4151
9122
13514
7889
19340
1049
13394
11372
13173
8384
18074
5985
5000
15677
10197
8326
3674
0852
5661
6978
10903
2157
3275
14015
3544
5084
18815
12666
13504
17835
7356
2346
19784
9099
7941
17588
17403
7135
13397
1861
1514
19386
2919
12887
0934
9891
14565
13035
10007
1653
2327
19951
6800
11669
5348
10186
12971
5132
7986
17821
2617
4420
18623
14905
12819
2455
13842
4446
3412
9006
18344
18122
13930
6966
15946
10913
7665
16820
9654
11166
18687
17427
11298
7134
2878
8886
19251
7401
19226
6984
15325
0261
3631
8906
11048
16710
11640
1345
10517
15975
4401
5838
4379
13177
15911
7810
19312
11282
11029
11315
6245
11291
3597
16006
18105
12156
18729
1884
13181
8132
7215
3350
15545
5139
12468
5214
8901
2228
5177
5464
14652
9207
3672
3587
4660
1953
3371
14685
12856
10005
10412
5257
3913
9712
12974
9085
2794
2886
4249
7585
19077
12843
3679
11069
5274
9175
0843
6195
13189
17722
2627
3899
5768
12018
7953
4674
9544
13775
4462
2859
6273
8124
10453
16205
15193
1634
2421
12490
17082
6166
16774
16158
6627
13947
19146
3726
2968
17852
14339
9941
6159
0043
8013
2531
19734
13448
8435
3117
7875
14316
4049
1573
18764
18354
16633
0035
1526
12325
0672
6942
2905
7984
19604
13302
1211
13524
4110
18361
16025
6798
18078
18629
6189
5192
17379
18694
12399
17548
3042
18988
6298
1187
6815
12596
8777
9984
15817
10654
14399
19071
19504
15832
17575
6864
4482
2622
17266
13476
1360
3130
15409
13726
12957
3635
2677
1182
2387
7236
8680
19171
1828
11377
9591
14029
12077
10655
17406
0446
11523
12409
0289
6698
1972
16705
19763
11529
3070
5855
17302
12477
9101
8768
17793
4473
1715
12665
14999
13554
0057
14465
15576
9240
11709
12698
10410
5876
5403
5313
11581
15080
18220
8085
13429
7794
7084
0410
5950
14244
5009
15884
8308
19633
15158
2375
19639
15858
8684
9954
13713
14296
1778
19061
15529
17351
6037
8170
4818
10279
14904
16304
11208
19795
15121
1374
0960
11424
11200
10743
6811
7649
2860
19167
1565
3617
11696
16933
12085
8978
14803
7014
12941
12841
5601
4672
15687
15190
8879
19335
17358
13654
4760
10043
7434
7467
0361
9495
2232
11609
19311
12045
6494
6822
9894
10484
16277
2590
16126
1547
11835
9674
7654
16827
7882
7459
2004
0393
6149
6968
6133
11993
12032
19033
14210
8528
1767
6280
5001
8149
9073
18932
0106
19351
13357
4618
15060
7669
4099
14797
19261
6462
4542
7687
10421
8298
12679
16936
0597
5255
8628
15921
0305
7552
10922
10182
1363
1905
15377
17509
1989
10360
2048
11093
18981
7550
8258
5145
1947
7081
13056
5726
7093
1214
7880
2736
4974
4378
14710
9680
19692
18513
16539
16176
18088
11999
13318
14678
0879
18662
2213
15706
19650
6753
14364
17408
4798
13956
17215
14236
19957
12072
18883
12031
10870
8724
0646
4707
17567
1978
7652
8996
19776
7131
13052
7656
19538
3782
7716
5216
2260
19596
14390
1336
15463
11959
5692
19574
5032
11470
15831
5256
8214
19327
10187
10696
5989
2288
3748
8773
15757
5958
9269
10314
12959
19605
6039
13872
13126
14031
11956
7219
12423
9204
17468
13553
3952
10455
10804
5070
1624
2216
7111
16844
0325
4595
13432
4307
16772
16534
14469
7661
18134
10503
0966
13769
1883
18020
3124
11769
14417
4035
9283
8053
2743
3239
6615
7281
16267
19046
8305
3404
7861
16850
9312
14538
12883
12923
0671
4889
18547
17332
1777
19644
8130
17967
11770
9853
1060
2196
19366
12413
4926
9952
12990
17191
3588
6365
19300
18253
10603
17874
19652
6093
16611
17397
12890
3355
7413
7378
2305
19925
15646
10002
5048
12271
2806
1946
16720
19849
8383
13481
17789
6343
6998
19532
10446
6181
18909
11006
5571
8629
17460
13361
15607
8660
11538
19211
9022
4670
4132
11289
6177
10833
13369
1375
6220
6376
17562
19069
19598
16253
6974
15778
0421
7633
14544
13964
18540
3525
13843
10277
16597
19087
3367
8512
14979
8017
18476
17549
6286
9115
7511
16086
8991
3288
13236
3846
15307
7832
10164
13902
5871
16513
1741
19816
1550
11986
1839
3286
6993
14135
4535
16139
3783
1022
15904
7148
16508
3245
3729
11726
18244
17104
12718
16337
11262
19962
8954
4636
4438
3090
0779
11849
1629
9921
6783
18950
19923
14149
0730
6834
5502
15575
18229
2583
13850
18051
11521
0025
18887
18444
13576
7510
12029
9153
18875
13579
5178
6927
19846
11318
1790
16269
13445
2567
13353
4835
9540
4415
14467
3283
17013
10749
12587
14895
5758
12523
17892
19861
0756
16931
5449
6470
15213
14065
19830
10985
13431
3172
8547
17662
13319
14850
19321
12166
12011
2231
10109
10851
7091
10912
13296
6567
17937
16378
2097
9734
1635
13973
9494
9726
19222
2731
2799
15511
5179
2316
3229
11355
2789
17530
4159
8993
6161
14035
4561
5623
12825
14318
17909
13113
8804
2280
8764
1904
12667
9405
4569
13970
16382
0084
10530
19937
7666
10712
5079
5386
15166
5029
3696
17527
17135
11626
9953
12895
9509
13718
5513
3762
3567
19101
18898
9525
18637
12820
3028
4140
4551
2735
2562
7729
11992
10044
8144
7209
6592
15660
9091
5588
13927
9220
14953
10816
14835
1817
19872
9867
0589
14654
19389
19842
5804
7246
18107
6759
7130
3497
1065
12593
10269
8673
4283
13360
2864
11461
19374
5690
12069
9302
15769
4084
11206
14776
0523
8088
1833
17337
10916
0904
15711
17688
3775
3914
0409
7306
7584
7708
19874
7041
11808
18577
3675
3812
11153
16664
16778
5119
9053
0162
4104
6623
16371
13317
3844
13323
18189
11938
1987
12948
18084
7276
6097
7597
16316
9745
17523
8073
9355
1493
1589
17634
6542
4061
15137
11586
5146
8460
6959
7233
5539
12129
6253
15128
6063
1875
9561
5766
4619
19623
2837
18059
10303
1792
17805
15142
12928
15096
2296
18937
0232
6782
1138
15893
5910
8750
12198
14488
10940
14478
3976
19567
10607
3030
7527
19151
0453
2766
17561
15446
14825
8323
10645
16234
13782
8019
0862
17749
4847
2737
16974
11266
13205
11263
3002
16076
11748
4914
11940
14655
19713
8128
12134
0108
6463
19838
13088
7496
11614
0686
8374
9166
2584
1444
7900
1846
4479
15886
3974
0372
1263
19645
1598
13327
15808
6659
6260
19065
19823
10753
2085
2786
14033
11486
4311
7123
19508
3114
15925
4813
18770
17975
19232
9075
16530
8875
0560
6869
5807
13649
5667
0752
16438
7288
7688
12778
4948
12052
11485
7734
8411
16922
7456
16763
15276
8300
7109
7773
8632
2749
13762
10429
1218
1608
11374
11502
11550
15624
13903
15490
13130
9114
13325
8518
19241
2465
15694
18217
12171
14410
18113
7232
14103
19216
10262
14658
17622
14586
16619
11650
15027
4310
6599
7465
8815
8385
2546
6185
2746
14046
14943
6597
3626
10662
2511
0875
10949
19064
1237
2061
16440
3546
3654
4295
0172
4071
13134
10382
4654
6950
10108
0832
17167
0591
3105
5867
14917
15445
15267
6629
17245
4807
9824
0549
2337
4222
4360
14597
16559
8497
13828
14639
15867
10325
16907
15584
18587
2653
10944
6477
15570
8260
0863
13440
9386
6414
19004
1216
6422
13835
19885
17598
19786
9738
11007
15474
2568
4860
4984
1053
1995
11302
13723
6935
16675
8570
16825
0397
7347
4325
5431
17378
3987
0062
9899
11077
13383
10596
3270
17843
4077
14211
6544
9586
7310
19531
13594
11811
0753
9778
3252
19581
11778
16107
0886
1728
15853
18124
13129
9736
3000
0732
6193
1857
17381
4584
9155
8227
8809
9498
15328
1362
4060
5439
19192
15105
6022
16715
0625
16123
12540
1359
17152
13791
9916
2982
5975
5379
1844
19432
0484
13981
18846
10965
18532
16628
5135
7556
3366
18001
15536
19999
4018
18743
11222
9094
16503
18576
12228
10539
5221
10273
9664
14266
9444
19507
1808
8752
3496
17085
11672
8960
7604
15434
8656
6921
13693
0745
17344
15242
3944
1231
3760
12714
0076
13420
1258
9993
10118
8301
15241
8765
14373
18648
9258
18991
0823
15094
8470
6052
12125
7076
19888
2784
3020
18879
7323
9749
9403
8646
4632
19090
2839
2386
13295
3498
16982
16170
6396
13262
9317
2776
2319
6747
17631
18888
7657
12083
0703
16241
9606
17921
15810
2072
13648
7244
17194
4106
11389
6014
5909
14680
11495
18049
10055
8688
7275
9487
13890
11207
12967
16237
14082
7229
6575
14746
17100
7473
11790
9192
17229
19469
5376
8440
5138
11636
18426
14217
9228
0515
6407
7859
10657
1083
4206
17395
5086
15942
4073
19176
10803
8678
15992
6823
12581
12396
16135
13522
10757
10089
17262
5094
10669
17971
4556
6707
10307
6231
7774
11571
17247
14516
16713
9528
5900
9823
2189
13550
14394
2823
6497
1046
13673
10769
9268
7300
17668
13093
14178
7535
14531
3714
5172
8792
9349
12492
11542
19658
0630
10695
6062
17759
12671
15777
3637
10352
4769
2302
17558
3797
7237
7522
0078
19566
16500
17161
16738
9055
10448
11490
12669
12711
13030
8898
11569
17090
0231
5998
16926
10236
12300
7870
19660
19342
11391
18803
4375
18970
3419
0974
0457
3708
13853
3953
18817
10237
3836
3843
10592
18702
16249
18371
15734
12531
12700
7569
17493
16507
13070
11177
9211
4102
16589
7667
15311
17375
6838
19145
15061
14887
15771
16452
10130
18697
16956
5597
12173
8194
8746
16351
2279
14613
5368
11889
15480
0311
5636
18265
17391
9098
17736
8770
13456
12356
14048
7018
11265
14241
9030
12560
6591
16583
12648
0800
6140
10976
19603
6730
3939
0316
17227
1484
18723
2536
0279
10157
10990
8836
19712
5902
14996
7937
11411
8448
11011
5289
9151
17812
19081
4004
6180
8841
16473
15345
15279
13944
6628
14676
5215
7775
6609
8403
4267
6510
19745
4738
0851
4575
0772
6593
14886
3269
11056
1724
17642
10782
0957
15532
8116
8715
13727
9976
10708
11421
9497
15217
3898
13308
12876
16149
10418
6719
11307
16989
3410
14526
6577
8779
3870
4196
8546
9761
17477
19042
12074
13206
0374
6821
3403
8089
0785
13395
12622
7630
17799
9798
8897
19862
3724
9706
6964
10460
10257
6667
14341
18504
10249
0079
9400
5162
9200
9649
1934
3469
16245
6361
10184
0103
13224
0666
18103
0438
6310
8931
14947
6675
14636
5873
8788
4746
16244
3690
19092
12244
8226
16128
4495
18061
7508
10399
2285
0433
13194
5110
11386
1001
19073
12597
8871
5886
8189
12958
18117
17972
2389
12980
17876
1712
2999
15466
8625
17068
8429
19257
19156
19246
4905
7872
4987
5970
11846
10525
4702
17201
14438
4219
16600
5425
19461
17200
1954
6853
19295
10562
11958
15084
4647
3996
4428
14595
6839
15504
6917
7442
11584
9920
12093
18222
2802
14037
14419
17210
19677
4347
1908
16344
9931
2694
1834
9154
4758
11429
6249
16230
5297
9265
12229
18380
11625
0406
6504
12949
3717
14500
12834
8786
4507
3369
13608
8262
15526
0027
7885
12747
10516
1847
18725
16642
19249
12388
12160
0324
6813
12660
11794
16377
14929
3398
19404
14768
14860
6110
19370
1460
0854
19235
4587
17679
4828
8854
16398
6746
12699
15473
0244
15460
2994
11223
16151
11721
2484
12584
19509
6329
15116
13735
4253
0876
16021
7989
10254
17081
6568
13883
0612
6635
6831
16831
19247
7197
4183
5558
18249
9195
10278
5159
18314
4954
16857
2652
15860
10290
12222
17159
2396
15945
11868
10802
18777
11199
16303
7916
6583
15230
10919
12814
12250
10631
7011
11833
4836
18593
7761
5740
8156
19622
16814
3986
3475
13009
13268
13715
12139
19904
11779
10548
11620
5461
19466
1528
12865
17033
15922
16122
3112
18235
13591
12487
8593
11541
2435
1811
17944
1003
2991
4498
12844
4615
10091
17005
1193
14161
17703
16864
19536
2578
4065
7458
19813
9756
16370
17032
3600
18928
3397
10001
2173
6652
7433
19973
18389
0439
3570
8346
16348
16582
10139
2949
17030
1625
9609
17261
6903
14952
14021
0956
8273
16470
14332
10215
19636
0107
2265
16016
17256
18000
11001
5100
0059
5130
16712
13717
1678
7845
13350
15003
9626
14552
19688
18047
9564
19720
0413
2582
14656
7403
0575
8858
19510
19875
12426
13778
1853
0171
10977
15420
13148
0804
4487
15008
14143
12448
2049
14712
0378
8445
14275
3203
17291
3951
15370
18160
17656
10396
4021
3960
10149
6594
10284
6990
1059
14104
10014
11434
13016
6977
17729
5210
0568
7205
8682
4340
7842
10747
17897
9520
7956
5002
9054
7617
9318
2374
0468
12754
13470
4924
18167
9855
2253
10713
9261
5437
11971
9088
1959
0615
7586
19580
9875
11564
12256
16758
10740
3593
18445
5444
4055
16087
10255
10486
10817
0301
15265
7269
1841
8264
2310
18162
5198
14457
18057
0462
2892
2671
8347
8994
11191
4803
18181
11455
19805
5387
14083
0359
16953
16032
5654
7176
19405
1156
9576
5477
1795
17187
15228
11267
7020
3442
6662
16732
2891
3911
10093
3788
8577
19078
3004
14223
11450
8441
14385
17613
0132
13898
16552
4543
14778
19240
14669
11396
5955
11697
8530
4961
8291
5939
0790
10350
15200
8491
8727
15887
0212
19653
18422
14686
19733
2660
6009
19189
1271
2980
3413
1425
17058
18345
11229
9994
13081
10099
14968
15153
10571
5396
15176
8207
0965
3874
15671
0420
7696
15059
3357
14755
5021
19513
4213
6077
0235
9376
3285
10136
5419
4517
19941
15432
8876
8856
3713
1714
8259
17179
12243
6387
18180
14653
7427
12465
6241
3327
11025
3241
1881
13489
10190
2632
13985
0139
5420
8313
9079
6651
13443
7946
1179
14268
3670
2434
5988
6001
17249
1826
14503
19533
17624
5853
8471
18022
13219
13661
19887
3328
1261
3560
16163
7485
9725
10646
6305
5307
6664
13766
7867
16052
16297
13089
19441
16451
3486
5367
12599
6742
14964
3709
17985
2264
14257
16200
15356
11293
2138
10226
9408
11562
15924
18755
13059
18493
2057
8591
13923
8676
1677
4433
5638
5695
6955
6092
11782
19010
7448
9262
13163
15506
17774
15761
7802
5031
4210
0557
9951
4269
18079
0478
9790
5735
10073
12207
15278
4398
9482
5202
1994
17950
13190
16450
4204
7100
2795
5474
7596
3644
5595
5586
17109
5901
18367
5030
5688
7279
12579
10253
13525
9818
4366
16674
3948
10613
0323
11439
0459
10466
14774
2444
8600
10147
6084
4276
16326
9685
13635
10392
13405
15749
10893
13877
8069
6683
0044
11754
12510
15192
15357
13225
3736
15271
8030
11441
1011
14306
13133
2600
19052
4519
19478
3704
7152
14342
9677
10505
14747
11694
18634
12936
8064
16299
6691
2873
16009
19245
0124
2060
2140
17370
6410
4763
14982
15212
8061
0944
3585
4657
14879
0911
10209
14456
9599
18441
12007
6326
1891
16243
4922
19325
5018
5986
7883
13887
4432
10937
9807
14599
19563
14246
18622
13051
6891
19555
10925
10173
0045
14409
4513
3138
5467
17619
1081
10923
16805
0347
10458
15796
13566
2269
3300
17616
2123
18384
15371
1602
8409
2955
19491
13021
14491
10017
1654
17149
10787
10691
12832
4915
5271
13721
12662
14097
10568
19264
9381
2039
16862
17362
7930
9353
5646
12329
14779
6666
10574
0782
14553
10035
2988
18383
18880
15283
7077
4881
14993
10832
13915
0892
19051
19339
10838
18328
5329
8972
10725
9772
19744
11666
4668
18614
9552
4257
2659
0820
3223
8210
8229
2352
12763
3476
13942
1579
10052
14756
0356
18297
3085
19202
4291
2069
3232
19007
7987
7188
19297
11258
12725
12965
6588
18401
7120
19868
13841
12758
5239
2209
14587
14183
5665
17198
4932
17818
7766
15559
18377
7462
3722
10910
4698
7088
12663
19204
8533
11559
8849
17146
19523
5828
18053
4167
18039
6301
14112
6255
4385
18529
0585
9678
16995
13839
8576
14521
12196
5152
15316
9465
12469
15296
16966
10040
18070
2601
10062
6087
16739
16430
6217
1259
13196
12323
0834
12446
3431
5401
15486
18984
7466
10133
18839
16562
4846
5793
2410
12824
2563
11802
11875
2118
2774
15574
4904
6980
9040
0919
16681
7464
7796
17918
13292
1436
13510
10717
5263
8822
13095
6466
9881
11591
13032
0938
8206
8009
7411
13297
10467
4548
8442
17086
10368
11870
14536
17136
10202
6944
15076
6106
7504
6440
18240
15203
10954
16735
3250
9212
9351
9580
10751
17963
5043
4875
6833
8418
4794
17708
18273
0812
18427
15046
13343
18597
13364
9296
8904
9886
17714
19896
14713
4066
12530
3320
11874
7253
18996
3340
11568
19982
10435
9203
11445
9995
9559
7530
8821
5232
12935
19997
13053
14288
16145
11692
6168
15568
19198
15934
5880
5244
4024
17817
18647
16839
11323
9871
12604
11342
4680
2255
13375
19393
0482
10684
11205
12695
10042
2725
10296
14243
19044
9727
12005
6038
19742
12927
0674
7168
15989
2874
15415
0322
7912
15444
13410
2626
0777
4970
18706
5482
6351
16921
2572
14322
13819
17440
11624
8618
19487
7682
2328
10626
8148
6081
2717
17998
5353
14462
13282
15971
19648
9617
12864
3925
14075
18325
16830
9307
11036
1355
11345
15633
17483
11327
3886
0418
19505
1101
11269
9724
15223
9485
14585
1969
1474
10964
18210
5993
4724
12149
2898
5269
6843
7431
8107
12488
14956
9950
17611
18506
10450
6187
17410
10457
12618
13145
7316
15285
17041
10722
6983
16051
19401
7698
7707
4745
17070
10075
11930
10038
0443
8345
12422
3188
6278
12273
7950
3757
13332
3362
19131
4919
4112
16947
12774
0280
14647
4075
4016
10189
4323
0082
7691
16340
2767
18848
2703
9926
6353
8623
18308
15898
9707
11904
3044
15910
15163
19573
4558
15029
4728
12924
0701
16887
0304
15251
2106
16044
17063
0321
2830
13125
3145
3507
9600
7506
17621
2745
10932
1420
2620
17698
11487
3384
10036
17948
9360
19213
2011
4844
14561
0763
17066
15560
13761
12178
16623
5677
16067
15386
12489
3586
8175
14094
4409
9225
10894
11869
4051
8589
8220
3873
8947
5522
10741
11824
1600
6849
9352
15733
3603
15923
6475
4236
4773
18400
11406
11256
11032
12756
6153
17632
11045
13330
3249
11668
8838
16759
3518
7024
12103
18252
14852
18012
19502
13208
14873
18916
12840
13287
17239
4165
15508
12206
9841
0037
19920
2935
13508
16749
6845
3524
12466
6104
5041
14924
14827
15562
3089
9757
12393
6058
9887
7906
7372
19413
1711
16698
7015
6570
6267
7217
12757
16315
18649
6441
19358
1721
7488
17433
7379
2957
13657
0471
16792
8683
16506
3580
5844
2052
11975
17633
2402
1732
15352
16035
1324
15343
15333
15509
8825
3212
9980
11503
5835
17360
11155
6049
6068
11019
3850
7468
18257
1824
1723
5501
16168
0952
8208
15282
16841
13859
18349
14018
1645
15647
18829
1142
4463
10967
7267
9139
1462
13131
11428
13172
7190
8112
3532
16618
18157
10766
5342
6784
18468
15751
6859
3438
10545
2470
8213
18416
17326
11681
16007
12326
7350
8451
19915
4782
12084
5861
18498
5207
9477
2239
6576
6991
12272
10115
7321
12344
10010
18619
8666
5035
0631
4234
15625
12202
18843
2102
3966
6548
10705
7333
8490
11117
17273
9263
4690
6523
15939
8191
16426
11944
6417
8223
5251
9814
11379
9655
14181
14230
18312
10905
6712
8165
4011
5469
3804
18142
1281
0610
1364
17139
6059
15225
11368
10778
19484
9421
11085
17131
2489
2779
12508
15361
10809
7913
1112
6461
5547
5957
19416
14509
15517
12100
14780
18290
0282
1739
1914
0609
8369
19929
9319
9787
0951
15238
3904
7068
10120
5568
3023
5618
7714
2456
19306
9979
18508
11899
15145
8474
13993
13026
0791
19791
10372
11018
5499
5864
4389
15800
11728
18347
3195
4252
19103
12197
0658
3786
5548
12727
6687
9019
12447
5346
19989
18679
9437
18989
7908
12224
9182
6658
9191
2628
4098
9375
17721
16776
9243
9670
2498
11822
16090
0695
12104
4826
0422
19234
14864
18282
14411
4042
4630
12119
14519
13703
8814
16105
9137
1432
10212
9667
19258
17677
0362
7610
16918
1505
7577
14313
6061
19748
8635
8094
5875
18514
5109
19428
16482
19291
1354
0888
2616
4371
13198
3625
19017
1476
8882
13710
10795
12561
16272
10575
0050
19230
17538
14231
15078
2943
5858
15822
0464
6331
14009
11991
19651
16000
9016
14493
10408
12249
5767
10873
11420
5707
3636
11923
11324
1377
3491
3433
14961
17405
6989
6126
19104
5640
1330
2361
3021
4949
13826
13545
18556
16812
3087
2712
3837
19465
7384
14715
18710
0376
16075
11384
3289
11712
7186
13105
5240
7429
13091
13788
18178
4435
0030
18538
11375
16716
8925
16490
11854
12060
17880
6626
1942
1831
16699
9922
14044
17943
14673
16013
7922
16727
8203
1421
6204
14940
19935
2230
18483
8840
9556
15465
5725
3781
12631
1975
12709
6697
8380
3098
16137
10974
12681
3531
12174
7074
16062
18884
10744
8980
4734
4212
11774
10935
6945
14763
10334
12238
4545
11768
13861
15419
12815
0012
12336
8864
10153
7171
12611
13245
16518
7903
5213
5686
18307
1641
15169
1541
1385
11947
11252
1900
0497
5254
18327
5036
0835
3924
18136
14649
11225
3595
1816
0872
8869
17615
5443
19878
8767
16561
19664
5352
5246
8377
3629
15382
15477
18544
3648
19802
10344
2560
16695
13483
15936
0757
10243
4549
5372
11013
12837
0694
1501
3784
17987
9476
1311
9723
7997
19115
18474
6400
10117
8002
4400
9974
0513
17595
14480
6732
7886
17907
11343
1418
5549
2194
15615
5166
18045
15351
4353
9563
18423
6519
12153
4448
18225
11514
12374
12781
10906
15632
4072
1584
2701
15792
17213
10927
18495
9129
0895
14877
4652
6237
19160
12260
13870
13746
3015
10623
16762
4523
13138
13184
10474
5624
1228
12748
16407
9140
13165
6829
17305
11204
17577
8363
1388
19642
9008
15364
19408
8955
17956
12647
16576
9728
0226
3660
18594
18171
2012
13822
10578
3692
19481
4566
12929
8340
19093
14640
18098
14773
5709
15599
16039
0054
17192
6493
14626
19284
14520
6150
10590
0450
6923
2757
2390
1383
10637
11599
19619
3905
10939
8439
13103
0469
0594
9161
17510
6045
5796
14302
1766
17271
1163
14196
13773
14605
4278
19091
12291
12143
5295
11438
9173
14345
19455
6919
6276
4996
7787
14479
13834
0570
13124
9575
6538
15055
17665
10319
16110
3761
9943
19027
1746
12651
9596
8655
7780
16406
7730
15617
14582
9103
15275
2493
14113
3980
6012
16466
11752
6710
2108
13321
10285
15417
11202
0270
11815
17255
17237
2331
6399
13284
8956
0399
11014
5852
1893
9898
11232
15628
7990
4848
12637
18280
12218
3749
4887
17798
8432
0133
13336
18923
2171
8615
1341
5574
5143
16419
15569
16794
2661
1248
7032
0086
0538
3417
7289
6854
4957
0844
9696
18501
17891
6557
15828
4113
12144
19667
16499
14791
0883
0144
10760
14614
13954
16997
8404
1895
8942
10554
0018
11180
8730
1597
5272
15255
15521
11693
12627
0887
14453
18375
16603
6114
5473
11472
18109
4437
18050
9367
18198
4867
7463
18436
12168
3830
3710
18535
0105
16174
8653
2130
10597
12303
12337
13547
2040
16242
5809
17111
16195
12569
7410
8062
4334
9346
17887
6550
19917
10283
17199
16679
3323
0093
10428
11165
14892
6858
18144
16161
16463
17067
14849
16547
0975
4669
3813
17605
18982
10995
11156
14562
0922
1161
11675
8943
5628
16159
2458
1977
2685
8425
3932
15118
3310
1251
6700
14766
16502
11094
5148
12390
16838
13169
13799
9422
1408
11385
9246
18209
17693
15346
13175
2956
4911
16580
1689
3400
19560
14059
4412
8102
8744
10779
4125
13869
10552
18663
15034
8712
15722
3061
19721
18019
16952
12097
5833
18892
4001
19403
9396
4006
19879
12182
9407
18038
12148
16599
8465
18350
8349
10911
8514
14912
1506
19551
5381
15232
17728
4491
17754
2167
2070
3118
19136
8489
19050
7162
18596
8550
0842
7551
0786
6689
15229
18443
2033
12852
1502
2937
11838
17773
4441
10464
17516
10535
6227
15140
8161
0296
1542
7351
11734
7843
18712
2933
5261
12431
0544
18580
13435
1518
8543
11804
4739
17243
6015
0766
0795
4808
8776
0327
8163
15775
10765
19207
8708
4282
1809
18929
6824
0008
5971
14554
13733
4834
6929
15454
13546
3621
17040
15816
1676
6169
17175
3380
17833
5537
9597
12354
5323
4427
14334
10086
8167
3536
11867
5495
1949
12424
4281
19182
19926
19897
6992
9431
11147
7143
19426
13356
4950
10019
10983
18030
11131
3730
17570
11933
2751
13517
8677
9896
16708
6654
12786
12232
11887
9471
13155
13049
5055
17492
18807
19354
11537
2284
1143
13119
12905
12794
5302
19984
5937
19910
3345
5516
4318
1577
1298
7383
5806
13851
1152
12744
16544
1835
17934
7118
14190
6898
17525
8238
10921
7763
18977
17003
11695
1718
0818
13272
13269
15143
18478
10252
19914
4902
0660
4664
7292
14458
14201
19559
4748
1128
18921
15944
18393
8912
7048
8662
6506
14041
19117
0423
14813
1159
17106
3305
17127
4316
19643
0442
14461
14206
9361
6444
0315
9314
1549
11287
12802
17529
19590
7204
2429
5569
17015
12480
0871
7435
11383
13478
17363
0195
19181
0348
13849
17421
19582
2090
18072
16222
2934
14589
18985
7157
15125
5468
13675
11030
1999
3576
16322
13952
14795
2867
16590
12233
12790
4034
3207
8267
10361
3764
13355
18788
2081
5003
10989
17269
4870
6344
8315
7124
10837
16150
6476
7852
4588
19637
6529
19282
5536
15795
16897
11510
11915
6430
4673
13987
5134
12872
11682
16309
4322
18246
1456
5966
10024
3482
16424
16357
16173
9846
16550
6799
3211
8155
13971
1316
11279
1246
5339
6499
14003
11643
6244
17355
18110
7600
9850
15700
0383
0926
6587
10986
9983
18254
14378
1072
11253
11369
9531
12613
15308
8679
4938
8342
16069
14117
11556
7327
19029
7674
17630
0234
1107
17505
2297
12135
18818
12574
18778
11882
19793
17051
15870
8352
16620
4591
19691
4481
2896
18548
18621
5384
4235
13004
12145
4741
5052
19540
6395
4308
14256
14545
11685
0715
8511
14422
14214
17802
13002
15557
14093
1965
6065
11544
1532
5140
13092
4298
1100
4514
18503
15147
19632
16610
10061
11561
8099
5160
19825
7322
6835
8587
18781
12580
16365
17553
5895
19205
14353
19722
4721
15863
11149
5663
0241
13618
1771
7013
16668
5840
14769
6454
6165
0971
5253
4052
9450
16979
10762
15493
18644
1134
16238
5693
13563
7621
10710
1864
0596
9923
0398
4606
19662
13714
17743
3334
16685
16512
18475
12652
5209
18546
19746
15244
0080
18135
1813
8410
2732
13118
15011
7816
13636
12363
9956
17733
6794
9820
14881
18166
3858
2300
17806
19933
5821
7400
14476
8126
0087
3528
14482
2838
14720
13544
12081
17745
18568
2883
3620
6371
17579
15418
8734
12810
9187
10915
7711
19169
16088
1569
14628
7090
6525
14459
16537
19831
6630
16542
13013
4973
5127
1073
9971
2680
14981
0149
11142
12808
18686
5217
1886
12741
0526
7416
9426
0853
0607
3391
10928
4740
10004
18524
1832
6320
6069
4635
18625
15629
7919
8172
16401
11703
9344
13099
9502
0581
19694
6785
15593
14184
5326
14085
3458
19718
11498
0371
18100
18232
11837
6515
5551
14672
3523
13916
4003
11644
14071
17097
0550
5249
1768
11901
6453
18711
3159
12006
2871
8334
17453
10957
11413
4824
13482
8054
10829
5402
19443
8805
6234
3348
19568
19792
0431
13422
17533
0649
18372
4064
7944
10288
5969
10161
15849
14507
9384
19675
14220
11388
11828
16404
13919
1929
12874
7495
8789
1499
14100
5311
10616
6139
0937
2405
7161
12583
15205
2091
5096
17072
15188
6224
10835
18420
16545
9762
7309
3235
5775
18005
8771
11657
15331
6041
4944
8754
7558
16064
1982
9227
7202
1616
9918
4511
0401
19472
17260
4943
3047
11515
16780
3892
18091
0750
11832
8561
16609
10405
9223
8201
9293
13474
16259
10479
5896
5010
3522
18428
14023
1737
17267
2551
14504
6067
16368
15114
14455
13401
0200
14443
15181
6638
1195
16184
8292
14406
1849
12657
9411
12261
19547
16746
17831
0303
15134
1806
5738
1897
1089
3268
16012
12547
12034
8626
13018
18267
9231
12504
5553
4772
13025
2256
19168
6117
12221
7493
18834
6987
2518
5498
13584
8145
12879
7065
12335
12610
7998
12259
5643
13986
0198
6634
1288
10737
0614
1804
16395
16592
13888
1760
16409
17672
0387
4149
19950
6194
5485
0083
19237
7637
14777
9383
8140
1467
18218
14684
6308
1032
3949
1652
10859
8938
16028
3765
3178
0070
7515
5903
8624
19743
6191
13328
8617
15836
5519
5012
4512
17766
4014
18956
2709
0814
1740
12563
18095
13629
5756
2425
16094
15637
10638
5651
17917
6685
7718
11435
5409
7769
14320
0487
11845
5025
7783
17758
16400
2876
12729
11613
12782
2750
16279
6147
9889
2683
1548
5380
11183
18248
17023
0530
11972
1230
8819
19986
1985
15186
7746
2129
4160
14252
0545
0297
5543
12712
10403
7967
10462
7726
9332
10584
15780
15491
4200
7301
6699
2394
3228
10272
4041
15235
0404
3910
13593
18588
2803
2113
19076
13278
10431
16660
9499
7568
11719
6625
8902
17796
1520
5779
2865
3196
15980
13571
17012
17988
10798
12491
5450
16543
8256
15366
5247
7007
16868
0857
18780
2730
18552
1201
14775
9731
10897
13961
13702
2474
2697
19492
14651
14481
2624
15183
17940
5007
1585
3423
13814
17858
1275
9625
10427
15199
8891
17685
10992
12809
11430
18274
3611
17156
15010
11404
19178
7620
5811
16790
10601
11566
8757
11765
17543
18411
5040
16750
13058
6190
0809
2427
0941
2807
4351
2524
2077
14361
0781
0463
17923
13388
4557
13939
7156
5407
16607
5997
4784
9304
3309
15162
4143
15840
5943
1830
14400
7895
0517
14740
12736
12091
12164
12978
7579
14229
19615
16645
13646
14359
14932
6406
7791
8913
15459
7874
13581
19153
5154
11746
5963
14052
2724
0061
9402
1980
13501
16730
15108
16112
8101
0252
4571
14714
18077
7499
1279
3700
2727
6862
16433
10738
19055
16024
9750
4693
18065
6127
0599
0121
15659
14819
16008
7719
9773
14343
12136
8277
5528
15542
13260
12950
14261
7562
14273
15714
2787
4275
14501
11321
5336
3029
14974
3032
10825
17224
13315
12706
15915
15089
7224
17573
3865
18557
10065
16641
17448
6736
5848
10132
8066
6425
5541
1387
16083
7432
4455
7391
10635
2344
3104
17856
0186
13286
19023
9557
8123
19939
7262
13146
7830
15716
6296
5337
1438
4079
14976
12435
2853
0229
4033
15337
8251
8718
17686
4576
1607
6479
7106
9357
5182
16560
11739
15824
5212
15874
16625
6850
0503
12500
17130
3375
4174
3957
5527
15888
15525
7026
13774
2468
1632
19096
3041
3107
13812
6027
9795
8230
6605
14758
15309
3487
9630
14893
5340
7847
4531
2419
5176
11511
14532
19012
19377
4468
2773
12942
7724
18519
7676
1234
15661
3516
19736
16959
12269
19839
10380
12973
13966
8239
17584
11954
9833
17820
5837
9831
5815
8895
11286
7412
18318
15748
12147
7095
1699
1162
0023
8594
10349
1722
3295
6620
15577
2726
6345
5752
4777
7017
15869
0016
11735
13955
18028
11110
7353
17048
11437
6485
12142
14073
11737
17863
0251
3454
11004
13161
14645
0042
15737
8794
16091
15256
15894
9978
8504
6932
2700
19974
14938
4286
18851
17699
13972
10397
12628
8601
9506
7452
7819
11506
19002
15707
6847
1221
17443
10414
11363
10234
2397
0789
3170
15891
19499
19496
11698
5023
11079
11767
6142
4520
14403
7000
9797
15709
15388
3759
7572
0595
5662
11549
9418
10534
1445
16706
13924
9249
15135
0855
4354
9423
12416
13925
19944
1659
2610
16605
5834
7141
3738
10472
9002
12775
1291
9056
5862
0999
6066
0837
3257
14099
14922
17532
5398
19727
6614
16429
9378
3921
19035
17142
11744
0063
10512
7960
11618
1434
0640
11119
3242
7513
18316
6442
5598
7349
6429
11469
11484
11715
15342
3453
7260
17571
19486
5904
17404
15086
5938
14944
6203
4628
19972
8735
18850
13794
9510
0009
1158
4390
0312
3568
18658
11034
14068
10121
0656
12283
2884
1697
1393
18304
2646
3770
1202
18435
7172
11151
17334
8498
12676
1719
2252
0822
0007
9267
1132
5968
3186
5578
18398
17168
19772
10208
15421
9865
11932
14958
13803
18968
4296
10771
7203
18414
15373
17420
2527
17701
8997
17398
5533
10281
14858
15613
2181
3787
16074
6086
5737
14987
17878
19781
2292
12701
16572
8973
0138
18718
19173
8740
2974
1825
1472
19930
3572
7264
19832
4992
14265
6309
3260
11929
2613
6254
3277
2372
6764
19663
12608
3547
6960
12572
8431
12458
2564
8574
17854
2777
13527
5493
6246
12057
4812
6274
18193
17648
11902
6547
16199
19116
9917
11646
19967
13607
19788
15448
14664
7119
13140
3743
10768
10098
0221
18092
3411
14154
4752
0624
2162
2453
18499
2340
5511
5126
0036
13493
18143
9532
16882
15347
7838
0717
10857
0623
3126
13622
11615
18081
11546
13348
19396
0096
4704
16261
7296
4579
13406
3647
3889
18116
5803
16653
1243
7647
3946
3353
13265
5413
15064
18048
7251
14950
16578
12979
9145
6080
0256
6740
6402
5459
19323
18276
10365
16202
14447
13407
9413
16194
18170
19824
14896
9303
19963
3461
1998
5355
17980
4181
19000
3313
18341
15025
11021
18264
8865
4461
18146
7009
9189
9919
16208
9441
18333
17093
6436
15348
12317
3294
17340
14702
19223
3643
6380
17920
4007
14765
10630
19085
15827
11604
1779
7571
4811
16946
12190
0102
4297
2870
16403
5234
6128
4364
11261
17783
10123
2479
12313
9781
9278
7961
1331
4929
12783
2929
1140
7765
18924
0366
13305
6985
0603
14859
3418
8453
5778
13882
0720
8657
19215
2545
3065
0218
14771
19818
10387
6912
2987
9874
0067
14004
3479
3780
6392
16849
19100
17848
14219
19359
10144
10244
18044
3732
9043
2205
9370
1873
12605
13749
0578
7286
19399
16422
19558
4201
14298
0034
5470
14471
5581
9063
9281
16169
7439
11167
18489
9081
5610
11381
3991
18502
14412
12332
11793
2035
17281
14111
11157
12515
6184
13531
0558
9388
6703
4546
4829
19273
6426
1845
4078
16464
3499
13135
12567
12200
16215
10057
8331
2120
7516
1111
13244
8127
6779
1503
17390
7971
11314
11394
18086
5196
6116
12921
17763
6553
5104
8018
1087
15752
5771
17316
11390
5463
4783
14625
19990
19316
16916
7294
8041
8181
11134
5890
17996
2010
17564
11905
8732
11717
3230
2752
7693
11020
19575
0682
7108
15381
9882
1489
16840
19851
1510
5791
14248
5603
16626
10465
16826
13488
10238
8622
8224
7929
5770
8762
11880
3111
12111
1048
1943
6352
8663
7982
17651
9128
3373
6608
13932
8671
1524
18714
15610
10908
14882
16475
3771
13376
10588
0440
16563
1313
9028
9415
1622
12847
3550
10302
13061
9120
13632
7697
15949
9417
9277
5872
0946
13380
17202
9371
0982
16676
1199
17609
4801
11816
0189
11926
11656
16976
4096
17491
17524
9568
11380
15988
4122
10594
15917
7101
0055
18754
11226
7722
3448
19287
18331
18417
16468
6986
15319
19278
15701
13402
12846
16346
9315
18853
10439
14331
15951
12277
2185
15582
15720
5681
14845
7050
14510
4050
10865
0885
4309
14637
3551
0775
5358
18700
18646
2018
19503
19857
12720
4434
1365
19562
17675
5185
16965
10191
3157
11354
3280
14477
4256
13280
18606
8424
1405
0039
1050
5512
3460
16904
13862
16204
5508
14202
19097
14542
10891
8927
1621
14314
17056
12042
13502
19634
17108
3624
5587
2038
19934
11392
17148
13600
15457
2249
8948
1928
2482
4821
7341
7777
6154
8541
19242
5429
17986
1996
13500
13802
10522
9560
2681
6969
2881
3856
3392
1264
12071
15330
17847
15111
1509
13589
12179
14659
0178
19067
16817
3792
10135
17982
18660
17114
14643
0650
6924
12280
5842
7555
5026
8407
16686
5560
15159
2336
14250
10938
11240
2906
13112
19280
4522
12654
15801
13811
7999
4358
4995
7052
5964
12115
18518
19769
4730
17620
2087
0617
5317
12737
1595
10426
10862
17866
3776
13178
2229
10142
7477
14935
0778
1661
10688
3200
7616
1887
5753
19626
14251
11866
18717
2367
7421
18756
19723
3470
14603
10898
16765
8134
4304
14369
6558
3231
13948
14067
12937
0011
13796
11724
18642
14487
13611
8253
18874
4057
8946
5653
3427
11425
4372
10621
18453
3465
4550
3306
2226
8423
10425
12220
10500
5434
3712
17900
0005
9434
5287
12342
13516
14733
2654
18949
1753
6916
10113
12486
9354
11214
19334
15428
19132
2301
16837
2373
16782
16806
7388
7393
4789
10321
7664
15397
8026
18317
17182
8309
3751
12545
13235
14648
12022
0522
4139
4080
16383
13019
3745
11442
14101
8799
16894
6465
19539
14978
14497
3001
9046
2998
11033
1513
0299
14299
10634
0714
2359
3935
10039
11353
0242
8837
1829
8580
14903
15592
12463
0729
14148
19328
9218
15522
19707
6030
1769
7454
8285
3238
13183
11100
9435
12619
6792
11074
6660
16223
17303
15335
17992
6657
2887
18585
17785
12770
7738
3750
12972
12570
9885
5644
6125
9758
10375
19968
7273
9656
14515
5583
0266
0486
2996
8396
15765
8068
12322
11237
1171
14006
7776
0490
9259
5684
17898
4357
14427
10013
0518
0430
13725
3852
7304
4365
18138
19446
18430
0475
8784
14576
0090
17781
16487
8610
2299
15484
9374
14619
18732
5538
18523
19407
12902
13655
2142
6866
11300
12378
19863
11081
8733
16248
12740
6749
15766
10111
9466
9856
1667
14045
2850
5378
9125
4997
9452
19497
6579
9683
16928
9929
13935
16182
15791
19774
11419
6539
4980
11821
5316
4642
15798
19344
3866
8271
12285
17189
12445
11463
0759
2273
8812
15189
9473
10892
5510
16363
2117
4925
17089
6501
9449
3711
9143
9147
7280
7561
15736
0294
14770
12278
9543
5881
7061
0480
16143
4641
12897
14425
13940
5687
8539
5629
4488
16330
3372
8742
1533
2382
8028
1688
7713
1726
18260
3405
6031
17472
2276
18063
1430
5812
9291
9986
3506
17910
19149
1617
1302
13347
7027
4317
14855
3950
2133
8117
18721
16343
13465
5042
8420
13285
5125
4048
3057
6397
13374
15085
12281
8659
2587
5397
9834
1488
4761
3048
7732
12175
6827
8556
11676
6130
15964
16934
13760
5067
16491
15758
15679
16214
0642
16271
10660
17737
4274
12511
9902
14311
6385
15543
12087
12925
4671
10901
10456
10379
17545
12140
2214
6119
17751
3082
15993
4195
3164
16964
16252
12909
9722
13539
13613
8427
8855
19483
6008
11309
2234
10794
6808
15702
1305
19529
8644
19155
0287
14247
18814
17587
18534
11950
4958
9491
11982
0735
15221
10312
11551
7995
16328
17716
2020
3985
4805
6580
11622
11661
0923
6105
11842
6522
13263
3616
5383
16212
14995
6500
4682
3838
15812
14413
15478
14376
12911
3556
11580
14499
4737
1530
19908
13176
3922
15581
17062
14008
0653
12389
4533
9271
18812
9817
6892
7573
12656
14831
15165
8801
12191
9171
16955
17731
0424
10476
14193
3192
1800
16282
7822
5631
4330
14121
9286
13660
7928
2083
8959
7612
5532
19620
7478
4565
3978
0127
9093
6295
9904
3737
9529
12829
16751
1655
16364
15324
1751
14965
3003
7768
18356
17930
0131
5097
14027
2811
12433
12721
6842
12017
17769
5531
2200
3583
5769
14285
1788
7073
6828
17027
19827
11786
19782
15306
7228
2763
6028
7578
19410
8560
7715
15657
15912
18595
7302
19196
10920
17272
1620
2058
4019
0524
8360
3341
11364
8500
12294
15648
5405
0731
17242
6600
15688
3880
19277
15960
13670
18165
5660
6571
8620
4623
1638
19057
7650
18537
2863
1775
3848
12954
0307
4897
13697
4822
13627
17327
12641
12349
19871
14743
18871
0592
4927
14580
12498
5678
2738
18844
16447
12237
4612
18908
9393
10629
9689
18245
19310
16396
16480
15194
6158
10095
11645
9306
1249
10436
14357
13974
16784
16773
3999
8242
19983
0663
11760
10128
2642
16347
11075
6313
17323
5555
5612
1774
2459
19285
19775
9676
3171
17101
17150
15516
3189
19072
9442
18693
2729
9221
5016
11022
19098
11648
2267
18708
0774
15649
7755
3642
3059
9083
5411
11467
18159
7966
2411
5164
17583
12177
1671
4383
19512
7567
15109
6131
2748
9160
14473
1054
15619
6367
3099
7580
16494
15218
15048
17832
14824
9144
13628
16474
18742
15913
19938
15031
19254
11015
16462
8613
7498
6995
3455
13450
11757
19357
6735
1744
8343
8457
4147
14862
10335
0104
3209
13934
5899
17053
16417
19809
13875
17816
10579
19716
16030
9607
13077
3887
1035
15572
3918
1742
19657
6335
5423
12590
19821
7526
18973
3513
12338
18564
18188
5068
11619
0891
10969
10852
11042
8667
12867
4722
19440
18574
12732
8487
17864
15829
6467
17400
16951
10698
17294
5774
6336
16191
5371
4009
6902
14911
13399
9672
16111
4965
6152
17659
17902
9851
15669
2056
14717
7957
15698
5673
14631
17637
0128
0988
17753
15406
17842
12231
13048
17947
14289
5557
11197
19668
9244
3191
17282
13536
16284
9013
13080
15300
16190
3574
5356
5649
8174
14871
15956
19819
2769
2208
7824
9975
15594
7181
7518
16231
1708
10181
16456
9701
6318
7695
17118
11979
12253
15112
11275
9295
11659
5712
9116
9858
1350
5701
12851
6004
7910
1515
18575
12441
12956
7058
12793
5072
3667
1852
7727
8872
10537
9429
16224
14106
